code,name,region_ar6_6,region_ar6_10,region_ar6_22,region_ar6_dev,year,sector_title,subsector_title,gas,gwp100_ar5,gwp100_ar6,value_native,value_ar5,value_ar6
MAR,Morocco,Africa,Africa,North Africa,developing,1970,AFOLU,"Biomass burning (CH4, N2O)",CH4,28,27.0,185.03890202,5181.08925656,4996.05035454
MAR,Morocco,Africa,Africa,North Africa,developing,1970,AFOLU,"Biomass burning (CH4, N2O)",N2O,265,273.0,4.797308378,1271.28672017,1309.665187194
MAR,Morocco,Africa,Africa,North Africa,developing,1970,AFOLU,Enteric Fermentation (CH4),CH4,28,27.0,280256.5,7847182.0,7566925.5
MAR,Morocco,Africa,Africa,North Africa,developing,1970,AFOLU,"Managed soils and pasture (CO2, N2O)",CO2,1,1.0,111469.6,111469.6,111469.6
MAR,Morocco,Africa,Africa,North Africa,developing,1970,AFOLU,"Managed soils and pasture (CO2, N2O)",N2O,265,273.0,11940.00681011,3164101.80467915,3259621.8591600303
MAR,Morocco,Africa,Africa,North Africa,developing,1970,AFOLU,"Manure management (N2O, CH4)",CH4,28,27.0,9578.1467,268188.1076,258609.9609
MAR,Morocco,Africa,Africa,North Africa,developing,1970,AFOLU,"Manure management (N2O, CH4)",N2O,265,273.0,80.3585238,21295.008807,21937.8769974
MAR,Morocco,Africa,Africa,North Africa,developing,1970,AFOLU,Rice cultivation (CH4),CH4,28,27.0,1668.447,46716.516,45048.069
MAR,Morocco,Africa,Africa,North Africa,developing,1970,AFOLU,Synthetic fertilizer application (N2O),N2O,265,273.0,982.125,260263.125,268120.125
MAR,Morocco,Africa,Africa,North Africa,developing,1970,Buildings,Non-CO2 (all buildings),HFC-152a,138,164.0,0.0,0.0,0.0
MAR,Morocco,Africa,Africa,North Africa,developing,1970,Buildings,Non-CO2 (all buildings),HFC-227ea,3350,3600.0,0.0,0.0,0.0
MAR,Morocco,Africa,Africa,North Africa,developing,1970,Buildings,Non-residential,CH4,28,27.0,4051.1,113430.8,109379.7
MAR,Morocco,Africa,Africa,North Africa,developing,1970,Buildings,Non-residential,N2O,265,273.0,53.963,14300.195,14731.899
MAR,Morocco,Africa,Africa,North Africa,developing,1970,Buildings,Residential,CO2,1,1.0,656531.0,656531.0,656531.0
MAR,Morocco,Africa,Africa,North Africa,developing,1970,Buildings,Residential,CH4,28,27.0,4047.7643,113337.4004,109289.6361
MAR,Morocco,Africa,Africa,North Africa,developing,1970,Buildings,Residential,N2O,265,273.0,55.8592,14802.688,15249.5616
MAR,Morocco,Africa,Africa,North Africa,developing,1970,Energy systems,Coal mining fugitive emissions,CO2,1,1.0,11753.39,11753.39,11753.39
MAR,Morocco,Africa,Africa,North Africa,developing,1970,Energy systems,Coal mining fugitive emissions,CH4,30,29.8,7370.87,221126.1,219651.926
MAR,Morocco,Africa,Africa,North Africa,developing,1970,Energy systems,Electricity & heat,CO2,1,1.0,832471.6,832471.6,832471.6
MAR,Morocco,Africa,Africa,North Africa,developing,1970,Energy systems,Electricity & heat,CH4,28,27.0,14.9284,417.9952,403.0668
MAR,Morocco,Africa,Africa,North Africa,developing,1970,Energy systems,Electricity & heat,N2O,265,273.0,8.4118,2229.127,2296.4214
MAR,Morocco,Africa,Africa,North Africa,developing,1970,Energy systems,Oil and gas fugitive emissions,CO2,1,1.0,55.432421,55.432421,55.432421
MAR,Morocco,Africa,Africa,North Africa,developing,1970,Energy systems,Oil and gas fugitive emissions,CH4,30,29.8,2258.86619,67765.9857,67314.21246200001
MAR,Morocco,Africa,Africa,North Africa,developing,1970,Energy systems,Oil and gas fugitive emissions,N2O,265,273.0,0.00167819,0.44472035,0.45814587
MAR,Morocco,Africa,Africa,North Africa,developing,1970,Energy systems,Other (energy systems),CO2,1,1.0,39166.6,39166.6,39166.6
MAR,Morocco,Africa,Africa,North Africa,developing,1970,Energy systems,Other (energy systems),CH4,28,27.0,913.524,25578.672,24665.148
MAR,Morocco,Africa,Africa,North Africa,developing,1970,Energy systems,Other (energy systems),N2O,265,273.0,222.1801,58877.7265,60655.1673
MAR,Morocco,Africa,Africa,North Africa,developing,1970,Energy systems,Petroleum refining,CO2,1,1.0,72057.6,72057.6,72057.6
MAR,Morocco,Africa,Africa,North Africa,developing,1970,Energy systems,Petroleum refining,CH4,28,27.0,1.251,35.028,33.776999999999994
MAR,Morocco,Africa,Africa,North Africa,developing,1970,Energy systems,Petroleum refining,N2O,265,273.0,0.1251,33.1515,34.1523
MAR,Morocco,Africa,Africa,North Africa,developing,1970,Industry,Cement,CO2,1,1.0,701480.0,701480.0,701480.0
MAR,Morocco,Africa,Africa,North Africa,developing,1970,Industry,Chemicals,CO2,1,1.0,72942.15,72942.15,72942.15
MAR,Morocco,Africa,Africa,North Africa,developing,1970,Industry,Chemicals,N2O,265,273.0,52.70936,13967.9804,14389.65528
MAR,Morocco,Africa,Africa,North Africa,developing,1970,Industry,Metals,CO2,1,1.0,46154.69,46154.69,46154.69
MAR,Morocco,Africa,Africa,North Africa,developing,1970,Industry,Metals,CH4,28,27.0,0.669,18.732,18.063
MAR,Morocco,Africa,Africa,North Africa,developing,1970,Industry,Metals,N2O,265,273.0,0.0949,25.1485,25.9077
MAR,Morocco,Africa,Africa,North Africa,developing,1970,Industry,Other (industry),CO2,1,1.0,2145344.9,2145344.9,2145344.9
MAR,Morocco,Africa,Africa,North Africa,developing,1970,Industry,Other (industry),CH4,28,27.0,97.36914,2726.33592,2628.96678
MAR,Morocco,Africa,Africa,North Africa,developing,1970,Industry,Other (industry),N2O,265,273.0,22.914596,6072.36794,6255.684708
MAR,Morocco,Africa,Africa,North Africa,developing,1970,Industry,Other (industry),HFC-125,3170,3740.0,0.0,0.0,0.0
MAR,Morocco,Africa,Africa,North Africa,developing,1970,Industry,Other (industry),HFC-134a,1300,1530.0,0.0,0.0,0.0
MAR,Morocco,Africa,Africa,North Africa,developing,1970,Industry,Other (industry),HFC-143a,4800,5810.0,0.0,0.0,0.0
MAR,Morocco,Africa,Africa,North Africa,developing,1970,Industry,Other (industry),HFC-245fa,858,962.0,0.0,0.0,0.0
MAR,Morocco,Africa,Africa,North Africa,developing,1970,Industry,Other (industry),HFC-32,677,771.0,0.0,0.0,0.0
MAR,Morocco,Africa,Africa,North Africa,developing,1970,Industry,Other (industry),HFC-365mfc,804,914.0,0.0,0.0,0.0
MAR,Morocco,Africa,Africa,North Africa,developing,1970,Industry,Waste,CH4,28,27.0,156807.7511,4390617.0308,4233809.2797
MAR,Morocco,Africa,Africa,North Africa,developing,1970,Industry,Waste,N2O,265,273.0,599.643,158905.39500000002,163702.53900000002
MAR,Morocco,Africa,Africa,North Africa,developing,1970,Transport,Inland Shipping,CO2,1,1.0,149130.9,149130.9,149130.9
MAR,Morocco,Africa,Africa,North Africa,developing,1970,Transport,Inland Shipping,CH4,28,27.0,14.105,394.94,380.835
MAR,Morocco,Africa,Africa,North Africa,developing,1970,Transport,Inland Shipping,N2O,265,273.0,4.03,1067.95,1100.19
MAR,Morocco,Africa,Africa,North Africa,developing,1970,Transport,Other (transport),CO2,1,1.0,436375.0,436375.0,436375.0
MAR,Morocco,Africa,Africa,North Africa,developing,1970,Transport,Other (transport),CH4,28,27.0,24.4394,684.3032,659.8638
MAR,Morocco,Africa,Africa,North Africa,developing,1970,Transport,Other (transport),N2O,265,273.0,168.425,44632.625,45980.025
MAR,Morocco,Africa,Africa,North Africa,developing,1970,Transport,Rail ,CO2,1,1.0,38532.0,38532.0,38532.0
MAR,Morocco,Africa,Africa,North Africa,developing,1970,Transport,Rail ,CH4,28,27.0,2.158,60.424,58.266
MAR,Morocco,Africa,Africa,North Africa,developing,1970,Transport,Rail ,N2O,265,273.0,14.872,3941.08,4060.056
MAR,Morocco,Africa,Africa,North Africa,developing,1970,Transport,Road,CO2,1,1.0,1552447.0,1552447.0,1552447.0
MAR,Morocco,Africa,Africa,North Africa,developing,1970,Transport,Road,CH4,28,27.0,376.9949,10555.8572,10178.8623
MAR,Morocco,Africa,Africa,North Africa,developing,1970,Transport,Road,N2O,265,273.0,31.173467,8260.968755,8510.356491
MAR,Morocco,Africa,Africa,North Africa,developing,1971,AFOLU,"Biomass burning (CH4, N2O)",CH4,28,27.0,212.13844503,5939.876460840001,5727.73801581
MAR,Morocco,Africa,Africa,North Africa,developing,1971,AFOLU,"Biomass burning (CH4, N2O)",N2O,265,273.0,5.4998821348,1457.468765722,1501.4678228004
MAR,Morocco,Africa,Africa,North Africa,developing,1971,AFOLU,Enteric Fermentation (CH4),CH4,28,27.0,285625.0,7997500.0,7711875.0
MAR,Morocco,Africa,Africa,North Africa,developing,1971,AFOLU,"Managed soils and pasture (CO2, N2O)",CO2,1,1.0,132990.6,132990.6,132990.6
MAR,Morocco,Africa,Africa,North Africa,developing,1971,AFOLU,"Managed soils and pasture (CO2, N2O)",N2O,265,273.0,12247.91622204,3245697.7988406,3343681.12861692
MAR,Morocco,Africa,Africa,North Africa,developing,1971,AFOLU,"Manure management (N2O, CH4)",CH4,28,27.0,9727.4384,272368.2752,262640.8368
MAR,Morocco,Africa,Africa,North Africa,developing,1971,AFOLU,"Manure management (N2O, CH4)",N2O,265,273.0,83.30144822,22074.8837783,22741.29536406
MAR,Morocco,Africa,Africa,North Africa,developing,1971,AFOLU,Rice cultivation (CH4),CH4,28,27.0,205.8458,5763.6824,5557.8366
MAR,Morocco,Africa,Africa,North Africa,developing,1971,AFOLU,Synthetic fertilizer application (N2O),N2O,265,273.0,982.125,260263.125,268120.125
MAR,Morocco,Africa,Africa,North Africa,developing,1971,Buildings,Non-CO2 (all buildings),HFC-152a,138,164.0,0.0,0.0,0.0
MAR,Morocco,Africa,Africa,North Africa,developing,1971,Buildings,Non-CO2 (all buildings),HFC-227ea,3350,3600.0,0.0,0.0,0.0
MAR,Morocco,Africa,Africa,North Africa,developing,1971,Buildings,Non-residential,CH4,28,27.0,4051.1,113430.8,109379.7
MAR,Morocco,Africa,Africa,North Africa,developing,1971,Buildings,Non-residential,N2O,265,273.0,53.963,14300.195,14731.899
MAR,Morocco,Africa,Africa,North Africa,developing,1971,Buildings,Residential,CO2,1,1.0,656531.0,656531.0,656531.0
MAR,Morocco,Africa,Africa,North Africa,developing,1971,Buildings,Residential,CH4,28,27.0,4047.7643,113337.4004,109289.6361
MAR,Morocco,Africa,Africa,North Africa,developing,1971,Buildings,Residential,N2O,265,273.0,55.8592,14802.688,15249.5616
MAR,Morocco,Africa,Africa,North Africa,developing,1971,Energy systems,Coal mining fugitive emissions,CO2,1,1.0,11753.39,11753.39,11753.39
MAR,Morocco,Africa,Africa,North Africa,developing,1971,Energy systems,Coal mining fugitive emissions,CH4,30,29.8,7370.87,221126.1,219651.926
MAR,Morocco,Africa,Africa,North Africa,developing,1971,Energy systems,Electricity & heat,CO2,1,1.0,832471.6,832471.6,832471.6
MAR,Morocco,Africa,Africa,North Africa,developing,1971,Energy systems,Electricity & heat,CH4,28,27.0,14.9284,417.9952,403.0668
MAR,Morocco,Africa,Africa,North Africa,developing,1971,Energy systems,Electricity & heat,N2O,265,273.0,8.4118,2229.127,2296.4214
MAR,Morocco,Africa,Africa,North Africa,developing,1971,Energy systems,Oil and gas fugitive emissions,CO2,1,1.0,55.432421,55.432421,55.432421
MAR,Morocco,Africa,Africa,North Africa,developing,1971,Energy systems,Oil and gas fugitive emissions,CH4,30,29.8,2319.76619,69592.98569999999,69129.032462
MAR,Morocco,Africa,Africa,North Africa,developing,1971,Energy systems,Oil and gas fugitive emissions,N2O,265,273.0,0.00167819,0.44472035,0.45814587
MAR,Morocco,Africa,Africa,North Africa,developing,1971,Energy systems,Other (energy systems),CO2,1,1.0,39166.6,39166.6,39166.6
MAR,Morocco,Africa,Africa,North Africa,developing,1971,Energy systems,Other (energy systems),CH4,28,27.0,906.144,25372.032,24465.888
MAR,Morocco,Africa,Africa,North Africa,developing,1971,Energy systems,Other (energy systems),N2O,265,273.0,222.07576,58850.0764,60626.68248
MAR,Morocco,Africa,Africa,North Africa,developing,1971,Energy systems,Petroleum refining,CO2,1,1.0,72057.6,72057.6,72057.6
MAR,Morocco,Africa,Africa,North Africa,developing,1971,Energy systems,Petroleum refining,CH4,28,27.0,1.251,35.028,33.776999999999994
MAR,Morocco,Africa,Africa,North Africa,developing,1971,Energy systems,Petroleum refining,N2O,265,273.0,0.1251,33.1515,34.1523
MAR,Morocco,Africa,Africa,North Africa,developing,1971,Industry,Cement,CO2,1,1.0,726680.0,726680.0,726680.0
MAR,Morocco,Africa,Africa,North Africa,developing,1971,Industry,Chemicals,CO2,1,1.0,74659.725,74659.725,74659.725
MAR,Morocco,Africa,Africa,North Africa,developing,1971,Industry,Chemicals,N2O,265,273.0,53.85315,14271.08475,14701.90995
MAR,Morocco,Africa,Africa,North Africa,developing,1971,Industry,Metals,CO2,1,1.0,43723.64,43723.64,43723.64
MAR,Morocco,Africa,Africa,North Africa,developing,1971,Industry,Metals,CH4,28,27.0,0.669,18.732,18.063
MAR,Morocco,Africa,Africa,North Africa,developing,1971,Industry,Metals,N2O,265,273.0,0.0949,25.1485,25.9077
MAR,Morocco,Africa,Africa,North Africa,developing,1971,Industry,Other (industry),CO2,1,1.0,2145344.9,2145344.9,2145344.9
MAR,Morocco,Africa,Africa,North Africa,developing,1971,Industry,Other (industry),CH4,28,27.0,97.36914,2726.33592,2628.96678
MAR,Morocco,Africa,Africa,North Africa,developing,1971,Industry,Other (industry),N2O,265,273.0,23.101445,6121.882925,6306.694484999999
MAR,Morocco,Africa,Africa,North Africa,developing,1971,Industry,Other (industry),HFC-125,3170,3740.0,0.0,0.0,0.0
MAR,Morocco,Africa,Africa,North Africa,developing,1971,Industry,Other (industry),HFC-134a,1300,1530.0,0.0,0.0,0.0
MAR,Morocco,Africa,Africa,North Africa,developing,1971,Industry,Other (industry),HFC-143a,4800,5810.0,0.0,0.0,0.0
MAR,Morocco,Africa,Africa,North Africa,developing,1971,Industry,Other (industry),HFC-245fa,858,962.0,0.0,0.0,0.0
MAR,Morocco,Africa,Africa,North Africa,developing,1971,Industry,Other (industry),HFC-32,677,771.0,0.0,0.0,0.0
MAR,Morocco,Africa,Africa,North Africa,developing,1971,Industry,Other (industry),HFC-365mfc,804,914.0,0.0,0.0,0.0
MAR,Morocco,Africa,Africa,North Africa,developing,1971,Industry,Waste,CH4,28,27.0,173749.490134,4864985.723751999,4691236.233618
MAR,Morocco,Africa,Africa,North Africa,developing,1971,Industry,Waste,N2O,265,273.0,624.816,165576.24000000002,170574.768
MAR,Morocco,Africa,Africa,North Africa,developing,1971,Transport,Inland Shipping,CO2,1,1.0,149130.9,149130.9,149130.9
MAR,Morocco,Africa,Africa,North Africa,developing,1971,Transport,Inland Shipping,CH4,28,27.0,14.105,394.94,380.835
MAR,Morocco,Africa,Africa,North Africa,developing,1971,Transport,Inland Shipping,N2O,265,273.0,4.03,1067.95,1100.19
MAR,Morocco,Africa,Africa,North Africa,developing,1971,Transport,Other (transport),CO2,1,1.0,436375.0,436375.0,436375.0
MAR,Morocco,Africa,Africa,North Africa,developing,1971,Transport,Other (transport),CH4,28,27.0,24.4394,684.3032,659.8638
MAR,Morocco,Africa,Africa,North Africa,developing,1971,Transport,Other (transport),N2O,265,273.0,168.425,44632.625,45980.025
MAR,Morocco,Africa,Africa,North Africa,developing,1971,Transport,Rail ,CO2,1,1.0,38532.0,38532.0,38532.0
MAR,Morocco,Africa,Africa,North Africa,developing,1971,Transport,Rail ,CH4,28,27.0,2.158,60.424,58.266
MAR,Morocco,Africa,Africa,North Africa,developing,1971,Transport,Rail ,N2O,265,273.0,14.872,3941.08,4060.056
MAR,Morocco,Africa,Africa,North Africa,developing,1971,Transport,Road,CO2,1,1.0,1552446.612,1552446.612,1552446.612
MAR,Morocco,Africa,Africa,North Africa,developing,1971,Transport,Road,CH4,28,27.0,376.9949007,10555.8572196,10178.8623189
MAR,Morocco,Africa,Africa,North Africa,developing,1971,Transport,Road,N2O,265,273.0,31.65871805,8389.56028325,8642.83002765
MAR,Morocco,Africa,Africa,North Africa,developing,1972,AFOLU,"Biomass burning (CH4, N2O)",CH4,28,27.0,210.19597073,5885.48718044,5675.29120971
MAR,Morocco,Africa,Africa,North Africa,developing,1972,AFOLU,"Biomass burning (CH4, N2O)",N2O,265,273.0,5.4495272948,1444.124733122,1487.7209514804
MAR,Morocco,Africa,Africa,North Africa,developing,1972,AFOLU,Enteric Fermentation (CH4),CH4,28,27.0,270079.2,7562217.600000001,7292138.4
MAR,Morocco,Africa,Africa,North Africa,developing,1972,AFOLU,"Managed soils and pasture (CO2, N2O)",CO2,1,1.0,152995.6,152995.6,152995.6
MAR,Morocco,Africa,Africa,North Africa,developing,1972,AFOLU,"Managed soils and pasture (CO2, N2O)",N2O,265,273.0,11863.9007974,3143933.711311,3238844.9176902
MAR,Morocco,Africa,Africa,North Africa,developing,1972,AFOLU,"Manure management (N2O, CH4)",CH4,28,27.0,9329.0017,261212.0476,251883.04590000003
MAR,Morocco,Africa,Africa,North Africa,developing,1972,AFOLU,"Manure management (N2O, CH4)",N2O,265,273.0,82.87307672,21961.3653308,22624.34994456
MAR,Morocco,Africa,Africa,North Africa,developing,1972,AFOLU,Rice cultivation (CH4),CH4,28,27.0,629.722,17632.216,17002.494
MAR,Morocco,Africa,Africa,North Africa,developing,1972,AFOLU,Synthetic fertilizer application (N2O),N2O,265,273.0,982.125,260263.125,268120.125
MAR,Morocco,Africa,Africa,North Africa,developing,1972,Buildings,Non-CO2 (all buildings),HFC-152a,138,164.0,0.0,0.0,0.0
MAR,Morocco,Africa,Africa,North Africa,developing,1972,Buildings,Non-CO2 (all buildings),HFC-227ea,3350,3600.0,0.0,0.0,0.0
MAR,Morocco,Africa,Africa,North Africa,developing,1972,Buildings,Non-residential,CH4,28,27.0,4137.8,115858.4,111720.6
MAR,Morocco,Africa,Africa,North Africa,developing,1972,Buildings,Non-residential,N2O,265,273.0,55.119,14606.535,15047.487
MAR,Morocco,Africa,Africa,North Africa,developing,1972,Buildings,Residential,CO2,1,1.0,728844.5,728844.5,728844.5
MAR,Morocco,Africa,Africa,North Africa,developing,1972,Buildings,Residential,CH4,28,27.0,4144.0804,116034.2512,111890.1708
MAR,Morocco,Africa,Africa,North Africa,developing,1972,Buildings,Residential,N2O,265,273.0,57.227,15165.155,15622.971
MAR,Morocco,Africa,Africa,North Africa,developing,1972,Energy systems,Coal mining fugitive emissions,CO2,1,1.0,10524.03,10524.03,10524.03
MAR,Morocco,Africa,Africa,North Africa,developing,1972,Energy systems,Coal mining fugitive emissions,CH4,30,29.8,8487.74,254632.2,252934.652
MAR,Morocco,Africa,Africa,North Africa,developing,1972,Energy systems,Electricity & heat,CO2,1,1.0,1172088.9,1172088.9,1172088.9
MAR,Morocco,Africa,Africa,North Africa,developing,1972,Energy systems,Electricity & heat,CH4,28,27.0,13.0838,366.3464,353.2626
MAR,Morocco,Africa,Africa,North Africa,developing,1972,Energy systems,Electricity & heat,N2O,265,273.0,14.327,3796.655,3911.271
MAR,Morocco,Africa,Africa,North Africa,developing,1972,Energy systems,Oil and gas fugitive emissions,CO2,1,1.0,67.132348,67.132348,67.132348
MAR,Morocco,Africa,Africa,North Africa,developing,1972,Energy systems,Oil and gas fugitive emissions,CH4,30,29.8,2648.92032,79467.60960000001,78937.825536
MAR,Morocco,Africa,Africa,North Africa,developing,1972,Energy systems,Oil and gas fugitive emissions,N2O,265,273.0,0.00204155,0.54101075,0.55734315
MAR,Morocco,Africa,Africa,North Africa,developing,1972,Energy systems,Other (energy systems),CO2,1,1.0,44180.4,44180.4,44180.4
MAR,Morocco,Africa,Africa,North Africa,developing,1972,Energy systems,Other (energy systems),CH4,28,27.0,1011.657,28326.396,27314.739
MAR,Morocco,Africa,Africa,North Africa,developing,1972,Energy systems,Other (energy systems),N2O,265,273.0,237.78844,63013.9366,64916.24412
MAR,Morocco,Africa,Africa,North Africa,developing,1972,Energy systems,Petroleum refining,CO2,1,1.0,69292.8,69292.8,69292.8
MAR,Morocco,Africa,Africa,North Africa,developing,1972,Energy systems,Petroleum refining,CH4,28,27.0,1.203,33.684000000000005,32.481
MAR,Morocco,Africa,Africa,North Africa,developing,1972,Energy systems,Petroleum refining,N2O,265,273.0,0.1203,31.8795,32.8419
MAR,Morocco,Africa,Africa,North Africa,developing,1972,Industry,Cement,CO2,1,1.0,751520.0,751520.0,751520.0
MAR,Morocco,Africa,Africa,North Africa,developing,1972,Industry,Chemicals,CO2,1,1.0,77578.905,77578.905,77578.905
MAR,Morocco,Africa,Africa,North Africa,developing,1972,Industry,Chemicals,N2O,265,273.0,54.99892,14574.7138,15014.70516
MAR,Morocco,Africa,Africa,North Africa,developing,1972,Industry,Metals,CO2,1,1.0,18283.0,18283.0,18283.0
MAR,Morocco,Africa,Africa,North Africa,developing,1972,Industry,Metals,CH4,28,27.0,0.334,9.352,9.018
MAR,Morocco,Africa,Africa,North Africa,developing,1972,Industry,Metals,N2O,265,273.0,0.0474,12.561,12.9402
MAR,Morocco,Africa,Africa,North Africa,developing,1972,Industry,Other (industry),CO2,1,1.0,2375813.4,2375813.4,2375813.4
MAR,Morocco,Africa,Africa,North Africa,developing,1972,Industry,Other (industry),CH4,28,27.0,104.21814,2918.1079200000004,2813.88978
MAR,Morocco,Africa,Africa,North Africa,developing,1972,Industry,Other (industry),N2O,265,273.0,24.341341,6450.455365,6645.186093
MAR,Morocco,Africa,Africa,North Africa,developing,1972,Industry,Other (industry),HFC-125,3170,3740.0,0.0,0.0,0.0
MAR,Morocco,Africa,Africa,North Africa,developing,1972,Industry,Other (industry),HFC-134a,1300,1530.0,0.0,0.0,0.0
MAR,Morocco,Africa,Africa,North Africa,developing,1972,Industry,Other (industry),HFC-143a,4800,5810.0,0.0,0.0,0.0
MAR,Morocco,Africa,Africa,North Africa,developing,1972,Industry,Other (industry),HFC-245fa,858,962.0,0.0,0.0,0.0
MAR,Morocco,Africa,Africa,North Africa,developing,1972,Industry,Other (industry),HFC-32,677,771.0,0.0,0.0,0.0
MAR,Morocco,Africa,Africa,North Africa,developing,1972,Industry,Other (industry),HFC-365mfc,804,914.0,0.0,0.0,0.0
MAR,Morocco,Africa,Africa,North Africa,developing,1972,Industry,Waste,CH4,28,27.0,179342.71762,5021596.09336,4842253.37574
MAR,Morocco,Africa,Africa,North Africa,developing,1972,Industry,Waste,N2O,265,273.0,660.216,174957.24,180238.968
MAR,Morocco,Africa,Africa,North Africa,developing,1972,Transport,Inland Shipping,CO2,1,1.0,155578.0,155578.0,155578.0
MAR,Morocco,Africa,Africa,North Africa,developing,1972,Transport,Inland Shipping,CH4,28,27.0,14.714,411.992,397.278
MAR,Morocco,Africa,Africa,North Africa,developing,1972,Transport,Inland Shipping,N2O,265,273.0,4.204,1114.06,1147.692
MAR,Morocco,Africa,Africa,North Africa,developing,1972,Transport,Other (transport),CO2,1,1.0,474833.0,474833.0,474833.0
MAR,Morocco,Africa,Africa,North Africa,developing,1972,Transport,Other (transport),CH4,28,27.0,26.5932,744.6096,718.0164
MAR,Morocco,Africa,Africa,North Africa,developing,1972,Transport,Other (transport),N2O,265,273.0,183.269,48566.285,50032.437
MAR,Morocco,Africa,Africa,North Africa,developing,1972,Transport,Rail ,CO2,1,1.0,41718.3,41718.3,41718.3
MAR,Morocco,Africa,Africa,North Africa,developing,1972,Transport,Rail ,CH4,28,27.0,2.33645,65.42060000000001,63.08415
MAR,Morocco,Africa,Africa,North Africa,developing,1972,Transport,Rail ,N2O,265,273.0,16.1018,4266.977,4395.7914
MAR,Morocco,Africa,Africa,North Africa,developing,1972,Transport,Road,CO2,1,1.0,1666029.31,1666029.31,1666029.31
MAR,Morocco,Africa,Africa,North Africa,developing,1972,Transport,Road,CH4,28,27.0,400.804936,11222.538208,10821.733272
MAR,Morocco,Africa,Africa,North Africa,developing,1972,Transport,Road,N2O,265,273.0,34.27772,9083.5958,9357.81756
MAR,Morocco,Africa,Africa,North Africa,developing,1973,AFOLU,"Biomass burning (CH4, N2O)",CH4,28,27.0,165.23953883,4626.70708724,4461.46754841
MAR,Morocco,Africa,Africa,North Africa,developing,1973,AFOLU,"Biomass burning (CH4, N2O)",N2O,265,273.0,4.2839855948,1135.256182622,1169.5280673804
MAR,Morocco,Africa,Africa,North Africa,developing,1973,AFOLU,Enteric Fermentation (CH4),CH4,28,27.0,267688.9,7495289.200000001,7227600.300000001
MAR,Morocco,Africa,Africa,North Africa,developing,1973,AFOLU,"Managed soils and pasture (CO2, N2O)",CO2,1,1.0,187722.9,187722.9,187722.9
MAR,Morocco,Africa,Africa,North Africa,developing,1973,AFOLU,"Managed soils and pasture (CO2, N2O)",N2O,265,273.0,11403.71040894,3021983.2583691,3113212.94164062
MAR,Morocco,Africa,Africa,North Africa,developing,1973,AFOLU,"Manure management (N2O, CH4)",CH4,28,27.0,9269.6425,259549.99,250280.3475
MAR,Morocco,Africa,Africa,North Africa,developing,1973,AFOLU,"Manure management (N2O, CH4)",N2O,265,273.0,82.82629121,21948.96717065,22611.57750033
MAR,Morocco,Africa,Africa,North Africa,developing,1973,AFOLU,Rice cultivation (CH4),CH4,28,27.0,541.15,15152.2,14611.05
MAR,Morocco,Africa,Africa,North Africa,developing,1973,AFOLU,Synthetic fertilizer application (N2O),N2O,265,273.0,982.125,260263.125,268120.125
MAR,Morocco,Africa,Africa,North Africa,developing,1973,Buildings,Non-CO2 (all buildings),HFC-152a,138,164.0,0.0,0.0,0.0
MAR,Morocco,Africa,Africa,North Africa,developing,1973,Buildings,Non-CO2 (all buildings),HFC-227ea,3350,3600.0,0.0,0.0,0.0
MAR,Morocco,Africa,Africa,North Africa,developing,1973,Buildings,Non-residential,CH4,28,27.0,4225.7,118319.6,114093.9
MAR,Morocco,Africa,Africa,North Africa,developing,1973,Buildings,Non-residential,N2O,265,273.0,56.291,14917.115,15367.443
MAR,Morocco,Africa,Africa,North Africa,developing,1973,Buildings,Residential,CO2,1,1.0,752842.5,752842.5,752842.5
MAR,Morocco,Africa,Africa,North Africa,developing,1973,Buildings,Residential,CH4,28,27.0,4172.6524,116834.2672,112661.6148
MAR,Morocco,Africa,Africa,North Africa,developing,1973,Buildings,Residential,N2O,265,273.0,58.1738,15416.057,15881.4474
MAR,Morocco,Africa,Africa,North Africa,developing,1973,Energy systems,Coal mining fugitive emissions,CO2,1,1.0,9014.67,9014.67,9014.67
MAR,Morocco,Africa,Africa,North Africa,developing,1973,Energy systems,Coal mining fugitive emissions,CH4,30,29.8,8767.4,263022.0,261268.52
MAR,Morocco,Africa,Africa,North Africa,developing,1973,Energy systems,Electricity & heat,CO2,1,1.0,1894107.1,1894107.1,1894107.1
MAR,Morocco,Africa,Africa,North Africa,developing,1973,Energy systems,Electricity & heat,CH4,28,27.0,32.7096,915.8688,883.1592
MAR,Morocco,Africa,Africa,North Africa,developing,1973,Energy systems,Electricity & heat,N2O,265,273.0,21.69754,5749.8481,5923.42842
MAR,Morocco,Africa,Africa,North Africa,developing,1973,Energy systems,Oil and gas fugitive emissions,CO2,1,1.0,100.03847,100.03847,100.03847
MAR,Morocco,Africa,Africa,North Africa,developing,1973,Energy systems,Oil and gas fugitive emissions,CH4,30,29.8,3171.96692,95159.0076,94524.614216
MAR,Morocco,Africa,Africa,North Africa,developing,1973,Energy systems,Oil and gas fugitive emissions,N2O,265,273.0,0.00306232,0.8115148,0.8360133599999999
MAR,Morocco,Africa,Africa,North Africa,developing,1973,Energy systems,Other (energy systems),CO2,1,1.0,44180.4,44180.4,44180.4
MAR,Morocco,Africa,Africa,North Africa,developing,1973,Energy systems,Other (energy systems),CH4,28,27.0,1003.347,28093.716,27090.369
MAR,Morocco,Africa,Africa,North Africa,developing,1973,Energy systems,Other (energy systems),N2O,265,273.0,273.27036,72416.6454,74602.80828
MAR,Morocco,Africa,Africa,North Africa,developing,1973,Energy systems,Petroleum refining,CO2,1,1.0,116352.0,116352.0,116352.0
MAR,Morocco,Africa,Africa,North Africa,developing,1973,Energy systems,Petroleum refining,CH4,28,27.0,2.02,56.56,54.54
MAR,Morocco,Africa,Africa,North Africa,developing,1973,Energy systems,Petroleum refining,N2O,265,273.0,0.202,53.53,55.146
MAR,Morocco,Africa,Africa,North Africa,developing,1973,Industry,Cement,CO2,1,1.0,785700.0,785700.0,785700.0
MAR,Morocco,Africa,Africa,North Africa,developing,1973,Industry,Chemicals,CO2,1,1.0,79885.96,79885.96,79885.96
MAR,Morocco,Africa,Africa,North Africa,developing,1973,Industry,Chemicals,N2O,265,273.0,56.16578,14883.9317,15333.25794
MAR,Morocco,Africa,Africa,North Africa,developing,1973,Industry,Metals,CO2,1,1.0,33370.0,33370.0,33370.0
MAR,Morocco,Africa,Africa,North Africa,developing,1973,Industry,Metals,CH4,28,27.0,0.658,18.424,17.766000000000002
MAR,Morocco,Africa,Africa,North Africa,developing,1973,Industry,Metals,N2O,265,273.0,0.0938,24.857,25.6074
MAR,Morocco,Africa,Africa,North Africa,developing,1973,Industry,Other (industry),CO2,1,1.0,2745019.9,2745019.9,2745019.9
MAR,Morocco,Africa,Africa,North Africa,developing,1973,Industry,Other (industry),CH4,28,27.0,117.36314,3286.16792,3168.80478
MAR,Morocco,Africa,Africa,North Africa,developing,1973,Industry,Other (industry),N2O,265,273.0,27.070069,7173.568285,7390.128837
MAR,Morocco,Africa,Africa,North Africa,developing,1973,Industry,Other (industry),HFC-125,3170,3740.0,0.0,0.0,0.0
MAR,Morocco,Africa,Africa,North Africa,developing,1973,Industry,Other (industry),HFC-134a,1300,1530.0,0.0,0.0,0.0
MAR,Morocco,Africa,Africa,North Africa,developing,1973,Industry,Other (industry),HFC-143a,4800,5810.0,0.0,0.0,0.0
MAR,Morocco,Africa,Africa,North Africa,developing,1973,Industry,Other (industry),HFC-245fa,858,962.0,0.0,0.0,0.0
MAR,Morocco,Africa,Africa,North Africa,developing,1973,Industry,Other (industry),HFC-32,677,771.0,0.0,0.0,0.0
MAR,Morocco,Africa,Africa,North Africa,developing,1973,Industry,Other (industry),HFC-365mfc,804,914.0,0.0,0.0,0.0
MAR,Morocco,Africa,Africa,North Africa,developing,1973,Industry,Waste,CH4,28,27.0,186332.4817,5217309.487600001,5030977.0059
MAR,Morocco,Africa,Africa,North Africa,developing,1973,Industry,Waste,N2O,265,273.0,676.396,179244.94,184656.108
MAR,Morocco,Africa,Africa,North Africa,developing,1973,Transport,Inland Shipping,CO2,1,1.0,161950.0,161950.0,161950.0
MAR,Morocco,Africa,Africa,North Africa,developing,1973,Transport,Inland Shipping,CH4,28,27.0,15.316,428.848,413.532
MAR,Morocco,Africa,Africa,North Africa,developing,1973,Transport,Inland Shipping,N2O,265,273.0,4.376,1159.64,1194.648
MAR,Morocco,Africa,Africa,North Africa,developing,1973,Transport,Other (transport),CO2,1,1.0,519812.0,519812.0,519812.0
MAR,Morocco,Africa,Africa,North Africa,developing,1973,Transport,Other (transport),CH4,28,27.0,29.1122,815.1416,786.0294
MAR,Morocco,Africa,Africa,North Africa,developing,1973,Transport,Other (transport),N2O,265,273.0,200.629,53166.685,54771.717
MAR,Morocco,Africa,Africa,North Africa,developing,1973,Transport,Rail ,CO2,1,1.0,41718.3,41718.3,41718.3
MAR,Morocco,Africa,Africa,North Africa,developing,1973,Transport,Rail ,CH4,28,27.0,2.33645,65.42060000000001,63.08415
MAR,Morocco,Africa,Africa,North Africa,developing,1973,Transport,Rail ,N2O,265,273.0,16.1018,4266.977,4395.7914
MAR,Morocco,Africa,Africa,North Africa,developing,1973,Transport,Road,CO2,1,1.0,1798390.21,1798390.21,1798390.21
MAR,Morocco,Africa,Africa,North Africa,developing,1973,Transport,Road,CH4,28,27.0,429.354679,12021.931012,11592.576333
MAR,Morocco,Africa,Africa,North Africa,developing,1973,Transport,Road,N2O,265,273.0,37.3515012,9898.147818,10196.9598276
MAR,Morocco,Africa,Africa,North Africa,developing,1974,AFOLU,"Biomass burning (CH4, N2O)",CH4,28,27.0,207.99060563,5823.73695764,5615.74635201
MAR,Morocco,Africa,Africa,North Africa,developing,1974,AFOLU,"Biomass burning (CH4, N2O)",N2O,265,273.0,5.3923528726,1428.973511239,1472.1123342198
MAR,Morocco,Africa,Africa,North Africa,developing,1974,AFOLU,Enteric Fermentation (CH4),CH4,28,27.0,258929.8,7250034.399999999,6991104.6
MAR,Morocco,Africa,Africa,North Africa,developing,1974,AFOLU,"Managed soils and pasture (CO2, N2O)",CO2,1,1.0,140642.9,140642.9,140642.9
MAR,Morocco,Africa,Africa,North Africa,developing,1974,AFOLU,"Managed soils and pasture (CO2, N2O)",N2O,265,273.0,11335.819942005,3003992.284631325,3094678.844167365
MAR,Morocco,Africa,Africa,North Africa,developing,1974,AFOLU,"Manure management (N2O, CH4)",CH4,28,27.0,9096.8917,254712.9676,245616.0759
MAR,Morocco,Africa,Africa,North Africa,developing,1974,AFOLU,"Manure management (N2O, CH4)",N2O,265,273.0,77.46022179,20526.95877435,21146.64054867
MAR,Morocco,Africa,Africa,North Africa,developing,1974,AFOLU,Rice cultivation (CH4),CH4,28,27.0,751.321,21036.988,20285.667
MAR,Morocco,Africa,Africa,North Africa,developing,1974,AFOLU,Synthetic fertilizer application (N2O),N2O,265,273.0,977.4108,259013.862,266833.1484
MAR,Morocco,Africa,Africa,North Africa,developing,1974,Buildings,Non-CO2 (all buildings),HFC-152a,138,164.0,0.0,0.0,0.0
MAR,Morocco,Africa,Africa,North Africa,developing,1974,Buildings,Non-CO2 (all buildings),HFC-227ea,3350,3600.0,0.0,0.0,0.0
MAR,Morocco,Africa,Africa,North Africa,developing,1974,Buildings,Non-residential,CH4,28,27.0,4316.9,120873.19999999998,116556.3
MAR,Morocco,Africa,Africa,North Africa,developing,1974,Buildings,Non-residential,N2O,265,273.0,57.507,15239.355,15699.411
MAR,Morocco,Africa,Africa,North Africa,developing,1974,Buildings,Residential,CO2,1,1.0,801157.0,801157.0,801157.0
MAR,Morocco,Africa,Africa,North Africa,developing,1974,Buildings,Residential,CH4,28,27.0,4207.6286,117813.6008,113605.9722
MAR,Morocco,Africa,Africa,North Africa,developing,1974,Buildings,Residential,N2O,265,273.0,59.291,15712.115,16186.443
MAR,Morocco,Africa,Africa,North Africa,developing,1974,Energy systems,Coal mining fugitive emissions,CO2,1,1.0,5651.11,5651.11,5651.11
MAR,Morocco,Africa,Africa,North Africa,developing,1974,Energy systems,Coal mining fugitive emissions,CH4,30,29.8,8906.64,267199.19999999995,265417.872
MAR,Morocco,Africa,Africa,North Africa,developing,1974,Energy systems,Electricity & heat,CO2,1,1.0,2011595.6,2011595.6,2011595.6
MAR,Morocco,Africa,Africa,North Africa,developing,1974,Energy systems,Electricity & heat,CH4,28,27.0,23.60552,660.9545599999999,637.34904
MAR,Morocco,Africa,Africa,North Africa,developing,1974,Energy systems,Electricity & heat,N2O,265,273.0,22.20484,5884.2826000000005,6061.92132
MAR,Morocco,Africa,Africa,North Africa,developing,1974,Energy systems,Oil and gas fugitive emissions,CO2,1,1.0,60.484398,60.484398,60.484398
MAR,Morocco,Africa,Africa,North Africa,developing,1974,Energy systems,Oil and gas fugitive emissions,CH4,30,29.8,3214.63068,96438.9204,95795.994264
MAR,Morocco,Africa,Africa,North Africa,developing,1974,Energy systems,Oil and gas fugitive emissions,N2O,265,273.0,0.00182241,0.48293865,0.49751793
MAR,Morocco,Africa,Africa,North Africa,developing,1974,Energy systems,Other (energy systems),CO2,1,1.0,44180.4,44180.4,44180.4
MAR,Morocco,Africa,Africa,North Africa,developing,1974,Energy systems,Other (energy systems),CH4,28,27.0,995.037,27861.036,26865.999
MAR,Morocco,Africa,Africa,North Africa,developing,1974,Energy systems,Other (energy systems),N2O,265,273.0,277.91168,73646.5952,75869.88863999999
MAR,Morocco,Africa,Africa,North Africa,developing,1974,Energy systems,Petroleum refining,CO2,1,1.0,168998.0,168998.0,168998.0
MAR,Morocco,Africa,Africa,North Africa,developing,1974,Energy systems,Petroleum refining,CH4,28,27.0,2.934,82.152,79.218
MAR,Morocco,Africa,Africa,North Africa,developing,1974,Energy systems,Petroleum refining,N2O,265,273.0,0.2934,77.751,80.09819999999999
MAR,Morocco,Africa,Africa,North Africa,developing,1974,Industry,Cement,CO2,1,1.0,920620.0,920620.0,920620.0
MAR,Morocco,Africa,Africa,North Africa,developing,1974,Industry,Chemicals,CO2,1,1.0,80662.17,80662.17,80662.17
MAR,Morocco,Africa,Africa,North Africa,developing,1974,Industry,Chemicals,N2O,265,273.0,57.37743,15205.01895,15664.03839
MAR,Morocco,Africa,Africa,North Africa,developing,1974,Industry,Metals,CO2,1,1.0,42465.0,42465.0,42465.0
MAR,Morocco,Africa,Africa,North Africa,developing,1974,Industry,Metals,CH4,28,27.0,0.97,27.16,26.19
MAR,Morocco,Africa,Africa,North Africa,developing,1974,Industry,Metals,N2O,265,273.0,0.1395,36.9675,38.0835
MAR,Morocco,Africa,Africa,North Africa,developing,1974,Industry,Other (industry),CO2,1,1.0,3315874.2,3315874.2,3315874.2
MAR,Morocco,Africa,Africa,North Africa,developing,1974,Industry,Other (industry),CH4,28,27.0,137.74014,3856.72392,3718.98378
MAR,Morocco,Africa,Africa,North Africa,developing,1974,Industry,Other (industry),N2O,265,273.0,31.11841,8246.37865,8495.32593
MAR,Morocco,Africa,Africa,North Africa,developing,1974,Industry,Other (industry),HFC-125,3170,3740.0,0.0,0.0,0.0
MAR,Morocco,Africa,Africa,North Africa,developing,1974,Industry,Other (industry),HFC-134a,1300,1530.0,0.0,0.0,0.0
MAR,Morocco,Africa,Africa,North Africa,developing,1974,Industry,Other (industry),HFC-143a,4800,5810.0,0.0,0.0,0.0
MAR,Morocco,Africa,Africa,North Africa,developing,1974,Industry,Other (industry),HFC-245fa,858,962.0,0.0,0.0,0.0
MAR,Morocco,Africa,Africa,North Africa,developing,1974,Industry,Other (industry),HFC-32,677,771.0,0.0,0.0,0.0
MAR,Morocco,Africa,Africa,North Africa,developing,1974,Industry,Other (industry),HFC-365mfc,804,914.0,0.0,0.0,0.0
MAR,Morocco,Africa,Africa,North Africa,developing,1974,Industry,Waste,CH4,28,27.0,193019.38661,5404542.82508,5211523.43847
MAR,Morocco,Africa,Africa,North Africa,developing,1974,Industry,Waste,N2O,265,273.0,692.797,183591.205,189133.581
MAR,Morocco,Africa,Africa,North Africa,developing,1974,Transport,Inland Shipping,CO2,1,1.0,165211.0,165211.0,165211.0
MAR,Morocco,Africa,Africa,North Africa,developing,1974,Transport,Inland Shipping,CH4,28,27.0,15.624,437.472,421.848
MAR,Morocco,Africa,Africa,North Africa,developing,1974,Transport,Inland Shipping,N2O,265,273.0,4.464,1182.96,1218.672
MAR,Morocco,Africa,Africa,North Africa,developing,1974,Transport,Other (transport),CO2,1,1.0,583982.0,583982.0,583982.0
MAR,Morocco,Africa,Africa,North Africa,developing,1974,Transport,Other (transport),CH4,28,27.0,32.7062,915.7736,883.0674
MAR,Morocco,Africa,Africa,North Africa,developing,1974,Transport,Other (transport),N2O,265,273.0,225.397,59730.205,61533.381
MAR,Morocco,Africa,Africa,North Africa,developing,1974,Transport,Rail ,CO2,1,1.0,44904.6,44904.6,44904.6
MAR,Morocco,Africa,Africa,North Africa,developing,1974,Transport,Rail ,CH4,28,27.0,2.5149,70.4172,67.9023
MAR,Morocco,Africa,Africa,North Africa,developing,1974,Transport,Rail ,N2O,265,273.0,17.3316,4592.874000000001,4731.526800000001
MAR,Morocco,Africa,Africa,North Africa,developing,1974,Transport,Road,CO2,1,1.0,1801022.41,1801022.41,1801022.41
MAR,Morocco,Africa,Africa,North Africa,developing,1974,Transport,Road,CH4,28,27.0,405.175907,11344.925396,10939.749489
MAR,Morocco,Africa,Africa,North Africa,developing,1974,Transport,Road,N2O,265,273.0,36.3709003,9638.2885795,9929.2557819
MAR,Morocco,Africa,Africa,North Africa,developing,1975,AFOLU,"Biomass burning (CH4, N2O)",CH4,28,27.0,172.09015483,4818.524335239999,4646.43418041
MAR,Morocco,Africa,Africa,North Africa,developing,1975,AFOLU,"Biomass burning (CH4, N2O)",N2O,265,273.0,4.4615996526,1182.323907939,1218.0167051598
MAR,Morocco,Africa,Africa,North Africa,developing,1975,AFOLU,Enteric Fermentation (CH4),CH4,28,27.0,257577.0,7212156.0,6954579.0
MAR,Morocco,Africa,Africa,North Africa,developing,1975,AFOLU,"Managed soils and pasture (CO2, N2O)",CO2,1,1.0,135394.3,135394.3,135394.3
MAR,Morocco,Africa,Africa,North Africa,developing,1975,AFOLU,"Managed soils and pasture (CO2, N2O)",N2O,265,273.0,11192.2892826,2965956.659889,3055494.9741498004
MAR,Morocco,Africa,Africa,North Africa,developing,1975,AFOLU,"Manure management (N2O, CH4)",CH4,28,27.0,9103.3447,254893.6516,245790.3069
MAR,Morocco,Africa,Africa,North Africa,developing,1975,AFOLU,"Manure management (N2O, CH4)",N2O,265,273.0,79.08862948,20958.4868122,21591.19584804
MAR,Morocco,Africa,Africa,North Africa,developing,1975,AFOLU,Rice cultivation (CH4),CH4,28,27.0,1209.039,33853.092,32644.053
MAR,Morocco,Africa,Africa,North Africa,developing,1975,AFOLU,Synthetic fertilizer application (N2O),N2O,265,273.0,993.124,263177.86,271122.852
MAR,Morocco,Africa,Africa,North Africa,developing,1975,Buildings,Non-CO2 (all buildings),HFC-152a,138,164.0,0.0,0.0,0.0
MAR,Morocco,Africa,Africa,North Africa,developing,1975,Buildings,Non-CO2 (all buildings),HFC-227ea,3350,3600.0,0.0,0.0,0.0
MAR,Morocco,Africa,Africa,North Africa,developing,1975,Buildings,Non-residential,CH4,28,27.0,4412.6,123552.80000000002,119140.2
MAR,Morocco,Africa,Africa,North Africa,developing,1975,Buildings,Non-residential,N2O,265,273.0,58.783,15577.495,16047.759
MAR,Morocco,Africa,Africa,North Africa,developing,1975,Buildings,Residential,CO2,1,1.0,893653.0,893653.0,893653.0
MAR,Morocco,Africa,Africa,North Africa,developing,1975,Buildings,Residential,CH4,28,27.0,4344.4116,121643.5248,117299.1132
MAR,Morocco,Africa,Africa,North Africa,developing,1975,Buildings,Residential,N2O,265,273.0,60.994,16163.41,16651.362
MAR,Morocco,Africa,Africa,North Africa,developing,1975,Energy systems,Coal mining fugitive emissions,CO2,1,1.0,8106.07,8106.07,8106.07
MAR,Morocco,Africa,Africa,North Africa,developing,1975,Energy systems,Coal mining fugitive emissions,CH4,30,29.8,10117.3,303519.0,301495.54
MAR,Morocco,Africa,Africa,North Africa,developing,1975,Energy systems,Electricity & heat,CO2,1,1.0,2669665.8,2669665.8,2669665.8
MAR,Morocco,Africa,Africa,North Africa,developing,1975,Energy systems,Electricity & heat,CH4,28,27.0,35.69097,999.34716,963.65619
MAR,Morocco,Africa,Africa,North Africa,developing,1975,Energy systems,Electricity & heat,N2O,265,273.0,29.813022,7900.45083,8138.955006
MAR,Morocco,Africa,Africa,North Africa,developing,1975,Energy systems,Oil and gas fugitive emissions,CO2,1,1.0,48.89325,48.89325,48.89325
MAR,Morocco,Africa,Africa,North Africa,developing,1975,Energy systems,Oil and gas fugitive emissions,CH4,30,29.8,3151.31911,94539.5733,93909.309478
MAR,Morocco,Africa,Africa,North Africa,developing,1975,Energy systems,Oil and gas fugitive emissions,N2O,265,273.0,0.00145905,0.3866482499999999,0.39832065
MAR,Morocco,Africa,Africa,North Africa,developing,1975,Energy systems,Other (energy systems),CO2,1,1.0,46640.0,46640.0,46640.0
MAR,Morocco,Africa,Africa,North Africa,developing,1975,Energy systems,Other (energy systems),CH4,28,27.0,986.753,27629.084000000003,26642.331
MAR,Morocco,Africa,Africa,North Africa,developing,1975,Energy systems,Other (energy systems),N2O,265,273.0,299.6965,79419.57250000001,81817.14450000001
MAR,Morocco,Africa,Africa,North Africa,developing,1975,Energy systems,Petroleum refining,CO2,1,1.0,74822.4,74822.4,74822.4
MAR,Morocco,Africa,Africa,North Africa,developing,1975,Energy systems,Petroleum refining,CH4,28,27.0,1.299,36.372,35.073
MAR,Morocco,Africa,Africa,North Africa,developing,1975,Energy systems,Petroleum refining,N2O,265,273.0,0.1299,34.4235,35.4627
MAR,Morocco,Africa,Africa,North Africa,developing,1975,Industry,Cement,CO2,1,1.0,970340.0,970340.0,970340.0
MAR,Morocco,Africa,Africa,North Africa,developing,1975,Industry,Chemicals,CO2,1,1.0,82575.55,82575.55,82575.55
MAR,Morocco,Africa,Africa,North Africa,developing,1975,Industry,Chemicals,N2O,265,273.0,58.65135,15542.60775,16011.81855
MAR,Morocco,Africa,Africa,North Africa,developing,1975,Industry,Metals,CO2,1,1.0,57661.65,57661.65,57661.65
MAR,Morocco,Africa,Africa,North Africa,developing,1975,Industry,Metals,CH4,28,27.0,1.282,35.896,34.614000000000004
MAR,Morocco,Africa,Africa,North Africa,developing,1975,Industry,Metals,N2O,265,273.0,0.1847,48.9455,50.4231
MAR,Morocco,Africa,Africa,North Africa,developing,1975,Industry,Other (industry),CO2,1,1.0,3101616.0,3101616.0,3101616.0
MAR,Morocco,Africa,Africa,North Africa,developing,1975,Industry,Other (industry),CH4,28,27.0,129.19914,3617.57592,3488.37678
MAR,Morocco,Africa,Africa,North Africa,developing,1975,Industry,Other (industry),N2O,265,273.0,29.694287,7868.986054999999,8106.540351
MAR,Morocco,Africa,Africa,North Africa,developing,1975,Industry,Other (industry),HFC-125,3170,3740.0,0.0,0.0,0.0
MAR,Morocco,Africa,Africa,North Africa,developing,1975,Industry,Other (industry),HFC-134a,1300,1530.0,0.0,0.0,0.0
MAR,Morocco,Africa,Africa,North Africa,developing,1975,Industry,Other (industry),HFC-143a,4800,5810.0,0.0,0.0,0.0
MAR,Morocco,Africa,Africa,North Africa,developing,1975,Industry,Other (industry),HFC-245fa,858,962.0,0.0,0.0,0.0
MAR,Morocco,Africa,Africa,North Africa,developing,1975,Industry,Other (industry),HFC-32,677,771.0,0.0,0.0,0.0
MAR,Morocco,Africa,Africa,North Africa,developing,1975,Industry,Other (industry),HFC-365mfc,804,914.0,0.0,0.0,0.0
MAR,Morocco,Africa,Africa,North Africa,developing,1975,Industry,Waste,CH4,28,27.0,200051.14038,5601431.93064,5401380.79026
MAR,Morocco,Africa,Africa,North Africa,developing,1975,Industry,Waste,N2O,265,273.0,730.727,193642.655,199488.471
MAR,Morocco,Africa,Africa,North Africa,developing,1975,Transport,Inland Shipping,CO2,1,1.0,165211.0,165211.0,165211.0
MAR,Morocco,Africa,Africa,North Africa,developing,1975,Transport,Inland Shipping,CH4,28,27.0,15.624,437.472,421.848
MAR,Morocco,Africa,Africa,North Africa,developing,1975,Transport,Inland Shipping,N2O,265,273.0,4.464,1182.96,1218.672
MAR,Morocco,Africa,Africa,North Africa,developing,1975,Transport,Other (transport),CO2,1,1.0,660972.0,660972.0,660972.0
MAR,Morocco,Africa,Africa,North Africa,developing,1975,Transport,Other (transport),CH4,28,27.0,37.018,1036.504,999.486
MAR,Morocco,Africa,Africa,North Africa,developing,1975,Transport,Other (transport),N2O,265,273.0,255.112,67604.68,69645.576
MAR,Morocco,Africa,Africa,North Africa,developing,1975,Transport,Rail ,CO2,1,1.0,44904.6,44904.6,44904.6
MAR,Morocco,Africa,Africa,North Africa,developing,1975,Transport,Rail ,CH4,28,27.0,2.5149,70.4172,67.9023
MAR,Morocco,Africa,Africa,North Africa,developing,1975,Transport,Rail ,N2O,265,273.0,17.3316,4592.874000000001,4731.526800000001
MAR,Morocco,Africa,Africa,North Africa,developing,1975,Transport,Road,CO2,1,1.0,1953485.45,1953485.45,1953485.45
MAR,Morocco,Africa,Africa,North Africa,developing,1975,Transport,Road,CH4,28,27.0,426.903042,11953.285176,11526.382134
MAR,Morocco,Africa,Africa,North Africa,developing,1975,Transport,Road,N2O,265,273.0,39.1240018,10367.860477,10680.8524914
MAR,Morocco,Africa,Africa,North Africa,developing,1976,AFOLU,"Biomass burning (CH4, N2O)",CH4,28,27.0,227.84139873,6379.55916444,6151.71776571
MAR,Morocco,Africa,Africa,North Africa,developing,1976,AFOLU,"Biomass burning (CH4, N2O)",N2O,265,273.0,5.9069965306,1565.354080609,1612.6100528538
MAR,Morocco,Africa,Africa,North Africa,developing,1976,AFOLU,Enteric Fermentation (CH4),CH4,28,27.0,252486.6,7069624.8,6817138.2
MAR,Morocco,Africa,Africa,North Africa,developing,1976,AFOLU,"Managed soils and pasture (CO2, N2O)",CO2,1,1.0,178357.3,178357.3,178357.3
MAR,Morocco,Africa,Africa,North Africa,developing,1976,AFOLU,"Managed soils and pasture (CO2, N2O)",N2O,265,273.0,11190.56980225,2965500.99759625,3055025.55601425
MAR,Morocco,Africa,Africa,North Africa,developing,1976,AFOLU,"Manure management (N2O, CH4)",CH4,28,27.0,8864.7732,248213.6496,239348.8764
MAR,Morocco,Africa,Africa,North Africa,developing,1976,AFOLU,"Manure management (N2O, CH4)",N2O,265,273.0,81.43375084,21579.9439726,22231.41397932
MAR,Morocco,Africa,Africa,North Africa,developing,1976,AFOLU,Rice cultivation (CH4),CH4,28,27.0,1019.17,28536.76,27517.59
MAR,Morocco,Africa,Africa,North Africa,developing,1976,AFOLU,Synthetic fertilizer application (N2O),N2O,265,273.0,1291.691,342298.115,352631.643
MAR,Morocco,Africa,Africa,North Africa,developing,1976,Buildings,Non-CO2 (all buildings),HFC-152a,138,164.0,0.0,0.0,0.0
MAR,Morocco,Africa,Africa,North Africa,developing,1976,Buildings,Non-CO2 (all buildings),HFC-227ea,3350,3600.0,0.0,0.0,0.0
MAR,Morocco,Africa,Africa,North Africa,developing,1976,Buildings,Non-residential,CH4,28,27.0,4513.1,126366.80000000002,121853.7
MAR,Morocco,Africa,Africa,North Africa,developing,1976,Buildings,Non-residential,N2O,265,273.0,60.123,15932.595,16413.578999999998
MAR,Morocco,Africa,Africa,North Africa,developing,1976,Buildings,Residential,CO2,1,1.0,1003244.5,1003244.5,1003244.5
MAR,Morocco,Africa,Africa,North Africa,developing,1976,Buildings,Residential,CH4,28,27.0,4520.3037,126568.5036,122048.1999
MAR,Morocco,Africa,Africa,North Africa,developing,1976,Buildings,Residential,N2O,265,273.0,62.9957,16693.8605,17197.8261
MAR,Morocco,Africa,Africa,North Africa,developing,1976,Energy systems,Coal mining fugitive emissions,CO2,1,1.0,12050.23,12050.23,12050.23
MAR,Morocco,Africa,Africa,North Africa,developing,1976,Energy systems,Coal mining fugitive emissions,CH4,30,29.8,10893.2,326796.0,324617.36000000004
MAR,Morocco,Africa,Africa,North Africa,developing,1976,Energy systems,Electricity & heat,CO2,1,1.0,3042034.1,3042034.1,3042034.1
MAR,Morocco,Africa,Africa,North Africa,developing,1976,Energy systems,Electricity & heat,CH4,28,27.0,45.95499,1286.73972,1240.78473
MAR,Morocco,Africa,Africa,North Africa,developing,1976,Energy systems,Electricity & heat,N2O,265,273.0,33.266256,8815.55784,9081.687888
MAR,Morocco,Africa,Africa,North Africa,developing,1976,Energy systems,Oil and gas fugitive emissions,CO2,1,1.0,23.19802,23.19802,23.19802
MAR,Morocco,Africa,Africa,North Africa,developing,1976,Energy systems,Oil and gas fugitive emissions,CH4,30,29.8,3187.18529,95615.5587,94978.121642
MAR,Morocco,Africa,Africa,North Africa,developing,1976,Energy systems,Oil and gas fugitive emissions,N2O,265,273.0,0.000655543,0.1737188949999999,0.178963239
MAR,Morocco,Africa,Africa,North Africa,developing,1976,Energy systems,Other (energy systems),CO2,1,1.0,49099.6,49099.6,49099.6
MAR,Morocco,Africa,Africa,North Africa,developing,1976,Energy systems,Other (energy systems),CH4,28,27.0,978.469,27397.132,26418.663
MAR,Morocco,Africa,Africa,North Africa,developing,1976,Energy systems,Other (energy systems),N2O,265,273.0,322.24482,85394.87730000001,87972.83586
MAR,Morocco,Africa,Africa,North Africa,developing,1976,Energy systems,Petroleum refining,CO2,1,1.0,69292.8,69292.8,69292.8
MAR,Morocco,Africa,Africa,North Africa,developing,1976,Energy systems,Petroleum refining,CH4,28,27.0,1.203,33.684000000000005,32.481
MAR,Morocco,Africa,Africa,North Africa,developing,1976,Energy systems,Petroleum refining,N2O,265,273.0,0.1203,31.8795,32.8419
MAR,Morocco,Africa,Africa,North Africa,developing,1976,Industry,Cement,CO2,1,1.0,1016500.0,1016500.0,1016500.0
MAR,Morocco,Africa,Africa,North Africa,developing,1976,Industry,Chemicals,CO2,1,1.0,84030.65,84030.65,84030.65
MAR,Morocco,Africa,Africa,North Africa,developing,1976,Industry,Chemicals,N2O,265,273.0,59.99248,15898.0072,16377.94704
MAR,Morocco,Africa,Africa,North Africa,developing,1976,Industry,Metals,CO2,1,1.0,88116.57,88116.57,88116.57
MAR,Morocco,Africa,Africa,North Africa,developing,1976,Industry,Metals,CH4,28,27.0,1.93,54.04,52.11
MAR,Morocco,Africa,Africa,North Africa,developing,1976,Industry,Metals,N2O,265,273.0,0.2775,73.53750000000001,75.75750000000001
MAR,Morocco,Africa,Africa,North Africa,developing,1976,Industry,Other (industry),CO2,1,1.0,3367213.5,3367213.5,3367213.5
MAR,Morocco,Africa,Africa,North Africa,developing,1976,Industry,Other (industry),CH4,28,27.0,139.49914,3905.97592,3766.47678
MAR,Morocco,Africa,Africa,North Africa,developing,1976,Industry,Other (industry),N2O,265,273.0,31.50149,8347.89485,8599.90677
MAR,Morocco,Africa,Africa,North Africa,developing,1976,Industry,Other (industry),HFC-125,3170,3740.0,0.0,0.0,0.0
MAR,Morocco,Africa,Africa,North Africa,developing,1976,Industry,Other (industry),HFC-134a,1300,1530.0,0.0,0.0,0.0
MAR,Morocco,Africa,Africa,North Africa,developing,1976,Industry,Other (industry),HFC-143a,4800,5810.0,0.0,0.0,0.0
MAR,Morocco,Africa,Africa,North Africa,developing,1976,Industry,Other (industry),HFC-245fa,858,962.0,0.0,0.0,0.0
MAR,Morocco,Africa,Africa,North Africa,developing,1976,Industry,Other (industry),HFC-32,677,771.0,0.0,0.0,0.0
MAR,Morocco,Africa,Africa,North Africa,developing,1976,Industry,Other (industry),HFC-365mfc,804,914.0,0.0,0.0,0.0
MAR,Morocco,Africa,Africa,North Africa,developing,1976,Industry,Waste,CH4,28,27.0,206882.88692,5792720.83376,5585837.946839999
MAR,Morocco,Africa,Africa,North Africa,developing,1976,Industry,Waste,N2O,265,273.0,726.65,192562.25,198375.45
MAR,Morocco,Africa,Africa,North Africa,developing,1976,Transport,Inland Shipping,CO2,1,1.0,171583.0,171583.0,171583.0
MAR,Morocco,Africa,Africa,North Africa,developing,1976,Transport,Inland Shipping,CH4,28,27.0,16.226,454.328,438.102
MAR,Morocco,Africa,Africa,North Africa,developing,1976,Transport,Inland Shipping,N2O,265,273.0,4.636,1228.54,1265.628
MAR,Morocco,Africa,Africa,North Africa,developing,1976,Transport,Other (transport),CO2,1,1.0,731515.0,731515.0,731515.0
MAR,Morocco,Africa,Africa,North Africa,developing,1976,Transport,Other (transport),CH4,28,27.0,40.9688,1147.1264,1106.1576
MAR,Morocco,Africa,Africa,North Africa,developing,1976,Transport,Other (transport),N2O,265,273.0,282.339,74819.835,77078.547
MAR,Morocco,Africa,Africa,North Africa,developing,1976,Transport,Rail ,CO2,1,1.0,48165.0,48165.0,48165.0
MAR,Morocco,Africa,Africa,North Africa,developing,1976,Transport,Rail ,CH4,28,27.0,2.6975,75.53,72.8325
MAR,Morocco,Africa,Africa,North Africa,developing,1976,Transport,Rail ,N2O,265,273.0,18.59,4926.35,5075.07
MAR,Morocco,Africa,Africa,North Africa,developing,1976,Transport,Road,CO2,1,1.0,2049596.22,2049596.22,2049596.22
MAR,Morocco,Africa,Africa,North Africa,developing,1976,Transport,Road,CH4,28,27.0,432.382212,12106.701936,11674.319724
MAR,Morocco,Africa,Africa,North Africa,developing,1976,Transport,Road,N2O,265,273.0,40.4690699,10724.3035235,11048.0560827
MAR,Morocco,Africa,Africa,North Africa,developing,1977,AFOLU,"Biomass burning (CH4, N2O)",CH4,28,27.0,154.08214973,4314.30019244,4160.21804271
MAR,Morocco,Africa,Africa,North Africa,developing,1977,AFOLU,"Biomass burning (CH4, N2O)",N2O,265,273.0,3.9947191026,1058.600562189,1090.5583150098
MAR,Morocco,Africa,Africa,North Africa,developing,1977,AFOLU,Enteric Fermentation (CH4),CH4,28,27.0,244522.0,6846616.0,6602094.0
MAR,Morocco,Africa,Africa,North Africa,developing,1977,AFOLU,"Managed soils and pasture (CO2, N2O)",CO2,1,1.0,150731.6,150731.6,150731.6
MAR,Morocco,Africa,Africa,North Africa,developing,1977,AFOLU,"Managed soils and pasture (CO2, N2O)",N2O,265,273.0,10472.45383098,2775200.2652097,2858979.89585754
MAR,Morocco,Africa,Africa,North Africa,developing,1977,AFOLU,"Manure management (N2O, CH4)",CH4,28,27.0,8543.9404,239230.3312,230686.3908
MAR,Morocco,Africa,Africa,North Africa,developing,1977,AFOLU,"Manure management (N2O, CH4)",N2O,265,273.0,83.0061405,21996.6272325,22660.6763565
MAR,Morocco,Africa,Africa,North Africa,developing,1977,AFOLU,Rice cultivation (CH4),CH4,28,27.0,1175.436,32912.208,31736.772
MAR,Morocco,Africa,Africa,North Africa,developing,1977,AFOLU,Synthetic fertilizer application (N2O),N2O,265,273.0,1195.834,316896.01,326462.68200000003
MAR,Morocco,Africa,Africa,North Africa,developing,1977,Buildings,Non-CO2 (all buildings),HFC-152a,138,164.0,0.0,0.0,0.0
MAR,Morocco,Africa,Africa,North Africa,developing,1977,Buildings,Non-CO2 (all buildings),HFC-227ea,3350,3600.0,0.0,0.0,0.0
MAR,Morocco,Africa,Africa,North Africa,developing,1977,Buildings,Non-residential,CH4,28,27.0,4618.4,129315.19999999998,124696.8
MAR,Morocco,Africa,Africa,North Africa,developing,1977,Buildings,Non-residential,N2O,265,273.0,61.527,16304.655,16796.871
MAR,Morocco,Africa,Africa,North Africa,developing,1977,Buildings,Residential,CO2,1,1.0,1111096.0,1111096.0,1111096.0
MAR,Morocco,Africa,Africa,North Africa,developing,1977,Buildings,Residential,CH4,28,27.0,4555.8829,127564.7212,123008.8383
MAR,Morocco,Africa,Africa,North Africa,developing,1977,Buildings,Residential,N2O,265,273.0,64.5237,17098.7805,17614.970100000002
MAR,Morocco,Africa,Africa,North Africa,developing,1977,Energy systems,Coal mining fugitive emissions,CO2,1,1.0,8474.47,8474.47,8474.47
MAR,Morocco,Africa,Africa,North Africa,developing,1977,Energy systems,Coal mining fugitive emissions,CH4,30,29.8,10970.5,329115.0,326920.9
MAR,Morocco,Africa,Africa,North Africa,developing,1977,Energy systems,Electricity & heat,CO2,1,1.0,3060729.5,3060729.5,3060729.5
MAR,Morocco,Africa,Africa,North Africa,developing,1977,Energy systems,Electricity & heat,CH4,28,27.0,39.182567,1097.111876,1057.929309
MAR,Morocco,Africa,Africa,North Africa,developing,1977,Energy systems,Electricity & heat,N2O,265,273.0,32.497203,8611.758795,8871.736418999999
MAR,Morocco,Africa,Africa,North Africa,developing,1977,Energy systems,Oil and gas fugitive emissions,CO2,1,1.0,53.76994,53.76994,53.76994
MAR,Morocco,Africa,Africa,North Africa,developing,1977,Energy systems,Oil and gas fugitive emissions,CH4,30,29.8,3483.86475,104515.9425,103819.16955
MAR,Morocco,Africa,Africa,North Africa,developing,1977,Energy systems,Oil and gas fugitive emissions,N2O,265,273.0,0.00160514,0.4253620999999999,0.4382032199999999
MAR,Morocco,Africa,Africa,North Africa,developing,1977,Energy systems,Other (energy systems),CO2,1,1.0,52148.8,52148.8,52148.8
MAR,Morocco,Africa,Africa,North Africa,developing,1977,Energy systems,Other (energy systems),CH4,28,27.0,970.599,27176.772,26206.173000000003
MAR,Morocco,Africa,Africa,North Africa,developing,1977,Energy systems,Other (energy systems),N2O,265,273.0,339.97434,90093.2001,92812.99482
MAR,Morocco,Africa,Africa,North Africa,developing,1977,Energy systems,Petroleum refining,CO2,1,1.0,174528.0,174528.0,174528.0
MAR,Morocco,Africa,Africa,North Africa,developing,1977,Energy systems,Petroleum refining,CH4,28,27.0,3.03,84.83999999999999,81.80999999999999
MAR,Morocco,Africa,Africa,North Africa,developing,1977,Energy systems,Petroleum refining,N2O,265,273.0,0.303,80.295,82.719
MAR,Morocco,Africa,Africa,North Africa,developing,1977,Industry,Cement,CO2,1,1.0,1227200.0,1227200.0,1227200.0
MAR,Morocco,Africa,Africa,North Africa,developing,1977,Industry,Chemicals,CO2,1,1.0,87472.64,87472.64,87472.64
MAR,Morocco,Africa,Africa,North Africa,developing,1977,Industry,Chemicals,N2O,265,273.0,61.39652,16270.0778,16761.24996
MAR,Morocco,Africa,Africa,North Africa,developing,1977,Industry,Metals,CO2,1,1.0,83739.4,83739.4,83739.4
MAR,Morocco,Africa,Africa,North Africa,developing,1977,Industry,Metals,CH4,28,27.0,1.326,37.128,35.802
MAR,Morocco,Africa,Africa,North Africa,developing,1977,Industry,Metals,N2O,265,273.0,0.1891,50.1115,51.6243
MAR,Morocco,Africa,Africa,North Africa,developing,1977,Industry,Other (industry),CO2,1,1.0,3792700.1,3792700.1,3792700.1
MAR,Morocco,Africa,Africa,North Africa,developing,1977,Industry,Other (industry),CH4,28,27.0,155.89314,4365.00792,4209.11478
MAR,Morocco,Africa,Africa,North Africa,developing,1977,Industry,Other (industry),N2O,265,273.0,34.969033,9266.793745,9546.546009000002
MAR,Morocco,Africa,Africa,North Africa,developing,1977,Industry,Other (industry),HFC-125,3170,3740.0,0.0,0.0,0.0
MAR,Morocco,Africa,Africa,North Africa,developing,1977,Industry,Other (industry),HFC-134a,1300,1530.0,0.0,0.0,0.0
MAR,Morocco,Africa,Africa,North Africa,developing,1977,Industry,Other (industry),HFC-143a,4800,5810.0,0.0,0.0,0.0
MAR,Morocco,Africa,Africa,North Africa,developing,1977,Industry,Other (industry),HFC-245fa,858,962.0,0.0,0.0,0.0
MAR,Morocco,Africa,Africa,North Africa,developing,1977,Industry,Other (industry),HFC-32,677,771.0,0.0,0.0,0.0
MAR,Morocco,Africa,Africa,North Africa,developing,1977,Industry,Other (industry),HFC-365mfc,804,914.0,0.0,0.0,0.0
MAR,Morocco,Africa,Africa,North Africa,developing,1977,Industry,Waste,CH4,28,27.0,215503.63731,6034101.84468,5818598.20737
MAR,Morocco,Africa,Africa,North Africa,developing,1977,Industry,Waste,N2O,265,273.0,777.401,206011.265,212230.473
MAR,Morocco,Africa,Africa,North Africa,developing,1977,Transport,Inland Shipping,CO2,1,1.0,184265.2,184265.2,184265.2
MAR,Morocco,Africa,Africa,North Africa,developing,1977,Transport,Inland Shipping,CH4,28,27.0,17.444,488.432,470.988
MAR,Morocco,Africa,Africa,North Africa,developing,1977,Transport,Inland Shipping,N2O,265,273.0,4.984,1320.76,1360.632
MAR,Morocco,Africa,Africa,North Africa,developing,1977,Transport,Other (transport),CO2,1,1.0,859856.0,859856.0,859856.0
MAR,Morocco,Africa,Africa,North Africa,developing,1977,Transport,Other (transport),CH4,28,27.0,48.1566,1348.3847999999998,1300.2282
MAR,Morocco,Africa,Africa,North Africa,developing,1977,Transport,Other (transport),N2O,265,273.0,331.874,87946.61,90601.602
MAR,Morocco,Africa,Africa,North Africa,developing,1977,Transport,Rail ,CO2,1,1.0,48165.0,48165.0,48165.0
MAR,Morocco,Africa,Africa,North Africa,developing,1977,Transport,Rail ,CH4,28,27.0,2.6975,75.53,72.8325
MAR,Morocco,Africa,Africa,North Africa,developing,1977,Transport,Rail ,N2O,265,273.0,18.59,4926.35,5075.07
MAR,Morocco,Africa,Africa,North Africa,developing,1977,Transport,Road,CO2,1,1.0,2300598.66,2300598.66,2300598.66
MAR,Morocco,Africa,Africa,North Africa,developing,1977,Transport,Road,CH4,28,27.0,467.469628,13089.149584,12621.679956
MAR,Morocco,Africa,Africa,North Africa,developing,1977,Transport,Road,N2O,265,273.0,44.6418155,11830.0811075,12187.2156315
MAR,Morocco,Africa,Africa,North Africa,developing,1978,AFOLU,"Biomass burning (CH4, N2O)",CH4,28,27.0,202.06229863,5657.74436164,5455.682063009999
MAR,Morocco,Africa,Africa,North Africa,developing,1978,AFOLU,"Biomass burning (CH4, N2O)",N2O,265,273.0,5.2386543026,1388.243390189,1430.1526246098
MAR,Morocco,Africa,Africa,North Africa,developing,1978,AFOLU,Enteric Fermentation (CH4),CH4,28,27.0,257239.5,7202706.0,6945466.5
MAR,Morocco,Africa,Africa,North Africa,developing,1978,AFOLU,"Managed soils and pasture (CO2, N2O)",CO2,1,1.0,174365.8,174365.8,174365.8
MAR,Morocco,Africa,Africa,North Africa,developing,1978,AFOLU,"Managed soils and pasture (CO2, N2O)",N2O,265,273.0,11179.70970747,2962623.07247955,3052060.75013931
MAR,Morocco,Africa,Africa,North Africa,developing,1978,AFOLU,"Manure management (N2O, CH4)",CH4,28,27.0,8918.9075,249729.41,240810.5025
MAR,Morocco,Africa,Africa,North Africa,developing,1978,AFOLU,"Manure management (N2O, CH4)",N2O,265,273.0,85.58176645,22679.16810925,23363.82224085
MAR,Morocco,Africa,Africa,North Africa,developing,1978,AFOLU,Rice cultivation (CH4),CH4,28,27.0,1681.889,47092.892,45411.003
MAR,Morocco,Africa,Africa,North Africa,developing,1978,AFOLU,Synthetic fertilizer application (N2O),N2O,265,273.0,1268.12,336051.8,346196.75999999995
MAR,Morocco,Africa,Africa,North Africa,developing,1978,Buildings,Non-CO2 (all buildings),HFC-152a,138,164.0,0.0,0.0,0.0
MAR,Morocco,Africa,Africa,North Africa,developing,1978,Buildings,Non-CO2 (all buildings),HFC-227ea,3350,3600.0,0.0,0.0,0.0
MAR,Morocco,Africa,Africa,North Africa,developing,1978,Buildings,Non-residential,CH4,28,27.0,4728.2,132389.6,127661.4
MAR,Morocco,Africa,Africa,North Africa,developing,1978,Buildings,Non-residential,N2O,265,273.0,62.991,16692.615,17196.543
MAR,Morocco,Africa,Africa,North Africa,developing,1978,Buildings,Residential,CO2,1,1.0,1210290.5,1210290.5,1210290.5
MAR,Morocco,Africa,Africa,North Africa,developing,1978,Buildings,Residential,CH4,28,27.0,4676.229,130934.412,126258.183
MAR,Morocco,Africa,Africa,North Africa,developing,1978,Buildings,Residential,N2O,265,273.0,66.2261,17549.9165,18079.7253
MAR,Morocco,Africa,Africa,North Africa,developing,1978,Energy systems,Coal mining fugitive emissions,CO2,1,1.0,8183.93,8183.93,8183.93
MAR,Morocco,Africa,Africa,North Africa,developing,1978,Energy systems,Coal mining fugitive emissions,CH4,30,29.8,10959.8,328794.0,326602.04
MAR,Morocco,Africa,Africa,North Africa,developing,1978,Energy systems,Electricity & heat,CO2,1,1.0,3394854.5,3394854.5,3394854.5
MAR,Morocco,Africa,Africa,North Africa,developing,1978,Energy systems,Electricity & heat,CH4,28,27.0,39.660026,1110.480728,1070.820702
MAR,Morocco,Africa,Africa,North Africa,developing,1978,Energy systems,Electricity & heat,N2O,265,273.0,33.5984076,8903.578014,9172.3652748
MAR,Morocco,Africa,Africa,North Africa,developing,1978,Energy systems,Oil and gas fugitive emissions,CO2,1,1.0,58.3171,58.3171,58.3171
MAR,Morocco,Africa,Africa,North Africa,developing,1978,Energy systems,Oil and gas fugitive emissions,CH4,30,29.8,3461.67373,103850.2119,103157.877154
MAR,Morocco,Africa,Africa,North Africa,developing,1978,Energy systems,Oil and gas fugitive emissions,N2O,265,273.0,0.00174936,0.4635804,0.47757528
MAR,Morocco,Africa,Africa,North Africa,developing,1978,Energy systems,Other (energy systems),CO2,1,1.0,41932.0,41932.0,41932.0
MAR,Morocco,Africa,Africa,North Africa,developing,1978,Energy systems,Other (energy systems),CH4,28,27.0,1069.441,29944.348,28874.907
MAR,Morocco,Africa,Africa,North Africa,developing,1978,Energy systems,Other (energy systems),N2O,265,273.0,352.16044,93322.5166,96139.80012
MAR,Morocco,Africa,Africa,North Africa,developing,1978,Energy systems,Petroleum refining,CO2,1,1.0,177293.0,177293.0,177293.0
MAR,Morocco,Africa,Africa,North Africa,developing,1978,Energy systems,Petroleum refining,CH4,28,27.0,3.078,86.184,83.106
MAR,Morocco,Africa,Africa,North Africa,developing,1978,Energy systems,Petroleum refining,N2O,265,273.0,0.3078,81.56700000000001,84.02940000000001
MAR,Morocco,Africa,Africa,North Africa,developing,1978,Industry,Cement,CO2,1,1.0,1322580.0,1322580.0,1322580.0
MAR,Morocco,Africa,Africa,North Africa,developing,1978,Industry,Chemicals,CO2,1,1.0,85256.555,85256.555,85256.555
MAR,Morocco,Africa,Africa,North Africa,developing,1978,Industry,Chemicals,N2O,265,273.0,62.86151,16658.30015,17161.19223
MAR,Morocco,Africa,Africa,North Africa,developing,1978,Industry,Metals,CO2,1,1.0,69282.4,69282.4,69282.4
MAR,Morocco,Africa,Africa,North Africa,developing,1978,Industry,Metals,CH4,28,27.0,1.282,35.896,34.614000000000004
MAR,Morocco,Africa,Africa,North Africa,developing,1978,Industry,Metals,N2O,265,273.0,0.1847,48.9455,50.4231
MAR,Morocco,Africa,Africa,North Africa,developing,1978,Industry,Other (industry),CO2,1,1.0,4077275.9,4077275.9,4077275.9
MAR,Morocco,Africa,Africa,North Africa,developing,1978,Industry,Other (industry),CH4,28,27.0,167.94314,4702.40792,4534.46478
MAR,Morocco,Africa,Africa,North Africa,developing,1978,Industry,Other (industry),N2O,265,273.0,37.488732,9934.51398,10234.423836
MAR,Morocco,Africa,Africa,North Africa,developing,1978,Industry,Other (industry),HFC-125,3170,3740.0,0.0,0.0,0.0
MAR,Morocco,Africa,Africa,North Africa,developing,1978,Industry,Other (industry),HFC-134a,1300,1530.0,0.0,0.0,0.0
MAR,Morocco,Africa,Africa,North Africa,developing,1978,Industry,Other (industry),HFC-143a,4800,5810.0,0.0,0.0,0.0
MAR,Morocco,Africa,Africa,North Africa,developing,1978,Industry,Other (industry),HFC-245fa,858,962.0,0.0,0.0,0.0
MAR,Morocco,Africa,Africa,North Africa,developing,1978,Industry,Other (industry),HFC-32,677,771.0,0.0,0.0,0.0
MAR,Morocco,Africa,Africa,North Africa,developing,1978,Industry,Other (industry),HFC-365mfc,804,914.0,0.0,0.0,0.0
MAR,Morocco,Africa,Africa,North Africa,developing,1978,Industry,Waste,CH4,28,27.0,224757.54979,6293211.394119999,6068453.84433
MAR,Morocco,Africa,Africa,North Africa,developing,1978,Industry,Waste,N2O,265,273.0,796.187,210989.555,217359.051
MAR,Morocco,Africa,Africa,North Africa,developing,1978,Transport,Inland Shipping,CO2,1,1.0,184265.2,184265.2,184265.2
MAR,Morocco,Africa,Africa,North Africa,developing,1978,Transport,Inland Shipping,CH4,28,27.0,17.444,488.432,470.988
MAR,Morocco,Africa,Africa,North Africa,developing,1978,Transport,Inland Shipping,N2O,265,273.0,4.984,1320.76,1360.632
MAR,Morocco,Africa,Africa,North Africa,developing,1978,Transport,Other (transport),CO2,1,1.0,898388.0,898388.0,898388.0
MAR,Morocco,Africa,Africa,North Africa,developing,1978,Transport,Other (transport),CH4,28,27.0,50.3146,1408.8088,1358.4942
MAR,Morocco,Africa,Africa,North Africa,developing,1978,Transport,Other (transport),N2O,265,273.0,346.746,91887.69,94661.658
MAR,Morocco,Africa,Africa,North Africa,developing,1978,Transport,Rail ,CO2,1,1.0,48165.0,48165.0,48165.0
MAR,Morocco,Africa,Africa,North Africa,developing,1978,Transport,Rail ,CH4,28,27.0,2.6975,75.53,72.8325
MAR,Morocco,Africa,Africa,North Africa,developing,1978,Transport,Rail ,N2O,265,273.0,18.59,4926.35,5075.07
MAR,Morocco,Africa,Africa,North Africa,developing,1978,Transport,Road,CO2,1,1.0,2361240.53,2361240.53,2361240.53
MAR,Morocco,Africa,Africa,North Africa,developing,1978,Transport,Road,CH4,28,27.0,473.219818,13250.154904,12776.935086
MAR,Morocco,Africa,Africa,North Africa,developing,1978,Transport,Road,N2O,265,273.0,45.792344,12134.97116,12501.309912
MAR,Morocco,Africa,Africa,North Africa,developing,1979,AFOLU,"Biomass burning (CH4, N2O)",CH4,28,27.0,184.00436163,5152.12212564,4968.11776401
MAR,Morocco,Africa,Africa,North Africa,developing,1979,AFOLU,"Biomass burning (CH4, N2O)",N2O,265,273.0,4.7704865626,1264.178939089,1302.3428315898002
MAR,Morocco,Africa,Africa,North Africa,developing,1979,AFOLU,Enteric Fermentation (CH4),CH4,28,27.0,249823.0,6995044.0,6745221.0
MAR,Morocco,Africa,Africa,North Africa,developing,1979,AFOLU,"Managed soils and pasture (CO2, N2O)",CO2,1,1.0,228485.8,228485.8,228485.8
MAR,Morocco,Africa,Africa,North Africa,developing,1979,AFOLU,"Managed soils and pasture (CO2, N2O)",N2O,265,273.0,10872.8763107,2881312.2223355,2968295.2328211
MAR,Morocco,Africa,Africa,North Africa,developing,1979,AFOLU,"Manure management (N2O, CH4)",CH4,28,27.0,8573.0388,240045.0864,231472.0476
MAR,Morocco,Africa,Africa,North Africa,developing,1979,AFOLU,"Manure management (N2O, CH4)",N2O,265,273.0,84.76307841,22462.215778650003,23140.32040593
MAR,Morocco,Africa,Africa,North Africa,developing,1979,AFOLU,Rice cultivation (CH4),CH4,28,27.0,1086.583,30424.324,29337.741
MAR,Morocco,Africa,Africa,North Africa,developing,1979,AFOLU,Synthetic fertilizer application (N2O),N2O,265,273.0,1583.97,419752.05,432423.81
MAR,Morocco,Africa,Africa,North Africa,developing,1979,Buildings,Non-CO2 (all buildings),HFC-152a,138,164.0,0.0,0.0,0.0
MAR,Morocco,Africa,Africa,North Africa,developing,1979,Buildings,Non-CO2 (all buildings),HFC-227ea,3350,3600.0,0.0,0.0,0.0
MAR,Morocco,Africa,Africa,North Africa,developing,1979,Buildings,Non-residential,CH4,28,27.0,4842.2,135581.6,130739.4
MAR,Morocco,Africa,Africa,North Africa,developing,1979,Buildings,Non-residential,N2O,265,273.0,64.511,17095.414999999997,17611.503
MAR,Morocco,Africa,Africa,North Africa,developing,1979,Buildings,Residential,CO2,1,1.0,1311986.0,1311986.0,1311986.0
MAR,Morocco,Africa,Africa,North Africa,developing,1979,Buildings,Residential,CH4,28,27.0,4760.7411,133300.7508,128540.0097
MAR,Morocco,Africa,Africa,North Africa,developing,1979,Buildings,Residential,N2O,265,273.0,67.8896,17990.744,18533.8608
MAR,Morocco,Africa,Africa,North Africa,developing,1979,Energy systems,Coal mining fugitive emissions,CO2,1,1.0,8606.05,8606.05,8606.05
MAR,Morocco,Africa,Africa,North Africa,developing,1979,Energy systems,Coal mining fugitive emissions,CH4,30,29.8,10807.6,324228.0,322066.48000000004
MAR,Morocco,Africa,Africa,North Africa,developing,1979,Energy systems,Electricity & heat,CO2,1,1.0,3290313.64,3290313.64,3290313.64
MAR,Morocco,Africa,Africa,North Africa,developing,1979,Energy systems,Electricity & heat,CH4,28,27.0,42.067797,1177.898316,1135.830519
MAR,Morocco,Africa,Africa,North Africa,developing,1979,Energy systems,Electricity & heat,N2O,265,273.0,28.5154852,7556.603578,7784.7274596
MAR,Morocco,Africa,Africa,North Africa,developing,1979,Energy systems,Oil and gas fugitive emissions,CO2,1,1.0,47.6755,47.6755,47.6755
MAR,Morocco,Africa,Africa,North Africa,developing,1979,Energy systems,Oil and gas fugitive emissions,CH4,30,29.8,3718.6972,111560.916,110817.17656
MAR,Morocco,Africa,Africa,North Africa,developing,1979,Energy systems,Oil and gas fugitive emissions,N2O,265,273.0,0.00138601,0.36729265,0.37838073
MAR,Morocco,Africa,Africa,North Africa,developing,1979,Energy systems,Other (energy systems),CO2,1,1.0,39472.4,39472.4,39472.4
MAR,Morocco,Africa,Africa,North Africa,developing,1979,Energy systems,Other (energy systems),CH4,28,27.0,1060.175,29684.9,28624.725
MAR,Morocco,Africa,Africa,North Africa,developing,1979,Energy systems,Other (energy systems),N2O,265,273.0,378.72052,100360.9378,103390.70196
MAR,Morocco,Africa,Africa,North Africa,developing,1979,Energy systems,Petroleum refining,CO2,1,1.0,238291.0,238291.0,238291.0
MAR,Morocco,Africa,Africa,North Africa,developing,1979,Energy systems,Petroleum refining,CH4,28,27.0,4.137,115.83599999999998,111.69899999999998
MAR,Morocco,Africa,Africa,North Africa,developing,1979,Energy systems,Petroleum refining,N2O,265,273.0,0.4137,109.6305,112.9401
MAR,Morocco,Africa,Africa,North Africa,developing,1979,Industry,Cement,CO2,1,1.0,1547120.0,1547120.0,1547120.0
MAR,Morocco,Africa,Africa,North Africa,developing,1979,Industry,Chemicals,CO2,1,1.0,85887.045,85887.045,85887.045
MAR,Morocco,Africa,Africa,North Africa,developing,1979,Industry,Chemicals,N2O,265,273.0,64.38218,17061.277700000002,17576.335140000003
MAR,Morocco,Africa,Africa,North Africa,developing,1979,Industry,Metals,CO2,1,1.0,105962.6,105962.6,105962.6
MAR,Morocco,Africa,Africa,North Africa,developing,1979,Industry,Metals,CH4,28,27.0,1.94,54.32,52.38
MAR,Morocco,Africa,Africa,North Africa,developing,1979,Industry,Metals,N2O,265,273.0,0.2785,73.80250000000001,76.0305
MAR,Morocco,Africa,Africa,North Africa,developing,1979,Industry,Other (industry),CO2,1,1.0,4510816.4,4510816.4,4510816.4
MAR,Morocco,Africa,Africa,North Africa,developing,1979,Industry,Other (industry),CH4,28,27.0,184.14614,5156.09192,4971.94578
MAR,Morocco,Africa,Africa,North Africa,developing,1979,Industry,Other (industry),N2O,265,273.0,40.704831,10786.780215,11112.418863
MAR,Morocco,Africa,Africa,North Africa,developing,1979,Industry,Other (industry),HFC-125,3170,3740.0,0.0,0.0,0.0
MAR,Morocco,Africa,Africa,North Africa,developing,1979,Industry,Other (industry),HFC-134a,1300,1530.0,0.0,0.0,0.0
MAR,Morocco,Africa,Africa,North Africa,developing,1979,Industry,Other (industry),HFC-143a,4800,5810.0,0.0,0.0,0.0
MAR,Morocco,Africa,Africa,North Africa,developing,1979,Industry,Other (industry),HFC-245fa,858,962.0,0.0,0.0,0.0
MAR,Morocco,Africa,Africa,North Africa,developing,1979,Industry,Other (industry),HFC-32,677,771.0,0.0,0.0,0.0
MAR,Morocco,Africa,Africa,North Africa,developing,1979,Industry,Other (industry),HFC-365mfc,804,914.0,0.0,0.0,0.0
MAR,Morocco,Africa,Africa,North Africa,developing,1979,Industry,Waste,CH4,28,27.0,234333.26937,6561331.54236,6326998.27299
MAR,Morocco,Africa,Africa,North Africa,developing,1979,Industry,Waste,N2O,265,273.0,839.139,222371.835,229084.947
MAR,Morocco,Africa,Africa,North Africa,developing,1979,Transport,Inland Shipping,CO2,1,1.0,232430.2,232430.2,232430.2
MAR,Morocco,Africa,Africa,North Africa,developing,1979,Transport,Inland Shipping,CH4,28,27.0,21.994,615.832,593.838
MAR,Morocco,Africa,Africa,North Africa,developing,1979,Transport,Inland Shipping,N2O,265,273.0,6.284,1665.26,1715.532
MAR,Morocco,Africa,Africa,North Africa,developing,1979,Transport,Other (transport),CO2,1,1.0,975378.0,975378.0,975378.0
MAR,Morocco,Africa,Africa,North Africa,developing,1979,Transport,Other (transport),CH4,28,27.0,54.6265,1529.542,1474.9155
MAR,Morocco,Africa,Africa,North Africa,developing,1979,Transport,Other (transport),N2O,265,273.0,376.462,99762.43,102774.126
MAR,Morocco,Africa,Africa,North Africa,developing,1979,Transport,Rail ,CO2,1,1.0,51351.3,51351.3,51351.3
MAR,Morocco,Africa,Africa,North Africa,developing,1979,Transport,Rail ,CH4,28,27.0,2.87595,80.5266,77.65065
MAR,Morocco,Africa,Africa,North Africa,developing,1979,Transport,Rail ,N2O,265,273.0,19.8198,5252.247,5410.8054
MAR,Morocco,Africa,Africa,North Africa,developing,1979,Transport,Road,CO2,1,1.0,2600316.93,2600316.93,2600316.93
MAR,Morocco,Africa,Africa,North Africa,developing,1979,Transport,Road,CH4,28,27.0,529.14186,14815.97208,14286.830219999998
MAR,Morocco,Africa,Africa,North Africa,developing,1979,Transport,Road,N2O,265,273.0,51.547626,13660.12089,14072.501898
MAR,Morocco,Africa,Africa,North Africa,developing,1980,AFOLU,"Biomass burning (CH4, N2O)",CH4,28,27.0,189.36134863,5302.11776164,5112.75641301
MAR,Morocco,Africa,Africa,North Africa,developing,1980,AFOLU,"Biomass burning (CH4, N2O)",N2O,265,273.0,4.9093640326,1300.981468639,1340.2563808998
MAR,Morocco,Africa,Africa,North Africa,developing,1980,AFOLU,Enteric Fermentation (CH4),CH4,28,27.0,263108.83,7367047.24,7103938.41
MAR,Morocco,Africa,Africa,North Africa,developing,1980,AFOLU,"Managed soils and pasture (CO2, N2O)",CO2,1,1.0,233702.8,233702.8,233702.8
MAR,Morocco,Africa,Africa,North Africa,developing,1980,AFOLU,"Managed soils and pasture (CO2, N2O)",N2O,265,273.0,11400.05171238,3021013.7037807,3112214.11747974
MAR,Morocco,Africa,Africa,North Africa,developing,1980,AFOLU,"Manure management (N2O, CH4)",CH4,28,27.0,8797.8192,246338.9376,237541.1184
MAR,Morocco,Africa,Africa,North Africa,developing,1980,AFOLU,"Manure management (N2O, CH4)",N2O,265,273.0,91.11148568,24144.5437052,24873.43559064
MAR,Morocco,Africa,Africa,North Africa,developing,1980,AFOLU,Rice cultivation (CH4),CH4,28,27.0,1070.594,29976.632,28906.038
MAR,Morocco,Africa,Africa,North Africa,developing,1980,AFOLU,Synthetic fertilizer application (N2O),N2O,265,273.0,1803.967,478051.255,492482.991
MAR,Morocco,Africa,Africa,North Africa,developing,1980,Buildings,Non-CO2 (all buildings),HFC-152a,138,164.0,0.0,0.0,0.0
MAR,Morocco,Africa,Africa,North Africa,developing,1980,Buildings,Non-CO2 (all buildings),HFC-227ea,3350,3600.0,0.0,0.0,0.0
MAR,Morocco,Africa,Africa,North Africa,developing,1980,Buildings,Non-residential,CH4,28,27.0,4959.8,138874.4,133914.6
MAR,Morocco,Africa,Africa,North Africa,developing,1980,Buildings,Non-residential,N2O,265,273.0,66.079,17510.934999999998,18039.567
MAR,Morocco,Africa,Africa,North Africa,developing,1980,Buildings,Residential,CO2,1,1.0,1264388.0,1264388.0,1264388.0
MAR,Morocco,Africa,Africa,North Africa,developing,1980,Buildings,Residential,CH4,28,27.0,4849.7219,135792.2132,130942.4913
MAR,Morocco,Africa,Africa,North Africa,developing,1980,Buildings,Residential,N2O,265,273.0,68.7808,18226.912,18777.1584
MAR,Morocco,Africa,Africa,North Africa,developing,1980,Energy systems,Coal mining fugitive emissions,CO2,1,1.0,6567.51,6567.51,6567.51
MAR,Morocco,Africa,Africa,North Africa,developing,1980,Energy systems,Coal mining fugitive emissions,CH4,30,29.8,10351.0,310530.0,308459.8
MAR,Morocco,Africa,Africa,North Africa,developing,1980,Energy systems,Electricity & heat,CO2,1,1.0,3706245.01,3706245.01,3706245.01
MAR,Morocco,Africa,Africa,North Africa,developing,1980,Energy systems,Electricity & heat,CH4,28,27.0,42.516686,1190.467208,1147.950522
MAR,Morocco,Africa,Africa,North Africa,developing,1980,Energy systems,Electricity & heat,N2O,265,273.0,31.5622432,8363.994448,8616.4923936
MAR,Morocco,Africa,Africa,North Africa,developing,1980,Energy systems,Oil and gas fugitive emissions,CO2,1,1.0,35.42048,35.42048,35.42048
MAR,Morocco,Africa,Africa,North Africa,developing,1980,Energy systems,Oil and gas fugitive emissions,CH4,30,29.8,3445.41413,103362.4239,102673.341074
MAR,Morocco,Africa,Africa,North Africa,developing,1980,Energy systems,Oil and gas fugitive emissions,N2O,265,273.0,0.00102077,0.27050405,0.27867021
MAR,Morocco,Africa,Africa,North Africa,developing,1980,Energy systems,Other (energy systems),CO2,1,1.0,48626.6,48626.6,48626.6
MAR,Morocco,Africa,Africa,North Africa,developing,1980,Energy systems,Other (energy systems),CH4,28,27.0,1050.624,29417.472,28366.848
MAR,Morocco,Africa,Africa,North Africa,developing,1980,Energy systems,Other (energy systems),N2O,265,273.0,365.5389,96867.8085,99792.1197
MAR,Morocco,Africa,Africa,North Africa,developing,1980,Energy systems,Petroleum refining,CO2,1,1.0,216115.0,216115.0,216115.0
MAR,Morocco,Africa,Africa,North Africa,developing,1980,Energy systems,Petroleum refining,CH4,28,27.0,3.752,105.056,101.304
MAR,Morocco,Africa,Africa,North Africa,developing,1980,Energy systems,Petroleum refining,N2O,265,273.0,0.3752,99.428,102.4296
MAR,Morocco,Africa,Africa,North Africa,developing,1980,Industry,Cement,CO2,1,1.0,1648280.0,1648280.0,1648280.0
MAR,Morocco,Africa,Africa,North Africa,developing,1980,Industry,Chemicals,CO2,1,1.0,89777.91,89777.91,89777.91
MAR,Morocco,Africa,Africa,North Africa,developing,1980,Industry,Chemicals,N2O,265,273.0,65.95193,17477.26145,18004.87689
MAR,Morocco,Africa,Africa,North Africa,developing,1980,Industry,Metals,CO2,1,1.0,78405.3,78405.3,78405.3
MAR,Morocco,Africa,Africa,North Africa,developing,1980,Industry,Metals,CH4,28,27.0,1.293,36.204,34.911
MAR,Morocco,Africa,Africa,North Africa,developing,1980,Industry,Metals,N2O,265,273.0,0.1858,49.237,50.7234
MAR,Morocco,Africa,Africa,North Africa,developing,1980,Industry,Other (industry),CO2,1,1.0,4816360.2,4816360.2,4816360.2
MAR,Morocco,Africa,Africa,North Africa,developing,1980,Industry,Other (industry),CH4,28,27.0,197.14014,5519.92392,5322.78378
MAR,Morocco,Africa,Africa,North Africa,developing,1980,Industry,Other (industry),N2O,265,273.0,43.695093,11579.199645,11928.760389
MAR,Morocco,Africa,Africa,North Africa,developing,1980,Industry,Other (industry),HFC-125,3170,3740.0,0.0,0.0,0.0
MAR,Morocco,Africa,Africa,North Africa,developing,1980,Industry,Other (industry),HFC-134a,1300,1530.0,0.0,0.0,0.0
MAR,Morocco,Africa,Africa,North Africa,developing,1980,Industry,Other (industry),HFC-143a,4800,5810.0,0.0,0.0,0.0
MAR,Morocco,Africa,Africa,North Africa,developing,1980,Industry,Other (industry),HFC-245fa,858,962.0,0.0,0.0,0.0
MAR,Morocco,Africa,Africa,North Africa,developing,1980,Industry,Other (industry),HFC-32,677,771.0,0.0,0.0,0.0
MAR,Morocco,Africa,Africa,North Africa,developing,1980,Industry,Other (industry),HFC-365mfc,804,914.0,0.0,0.0,0.0
MAR,Morocco,Africa,Africa,North Africa,developing,1980,Industry,Waste,CH4,28,27.0,243381.38227,6814678.70356,6571297.32129
MAR,Morocco,Africa,Africa,North Africa,developing,1980,Industry,Waste,N2O,265,273.0,848.461,224842.165,231629.853
MAR,Morocco,Africa,Africa,North Africa,developing,1980,Transport,Inland Shipping,CO2,1,1.0,129864.9,129864.9,129864.9
MAR,Morocco,Africa,Africa,North Africa,developing,1980,Transport,Inland Shipping,CH4,28,27.0,12.285,343.98,331.695
MAR,Morocco,Africa,Africa,North Africa,developing,1980,Transport,Inland Shipping,N2O,265,273.0,3.51,930.15,958.23
MAR,Morocco,Africa,Africa,North Africa,developing,1980,Transport,Other (transport),CO2,1,1.0,988198.0,988198.0,988198.0
MAR,Morocco,Africa,Africa,North Africa,developing,1980,Transport,Other (transport),CH4,28,27.0,55.3444,1549.6432,1494.2988
MAR,Morocco,Africa,Africa,North Africa,developing,1980,Transport,Other (transport),N2O,265,273.0,381.41,101073.65,104124.93
MAR,Morocco,Africa,Africa,North Africa,developing,1980,Transport,Rail ,CO2,1,1.0,51351.3,51351.3,51351.3
MAR,Morocco,Africa,Africa,North Africa,developing,1980,Transport,Rail ,CH4,28,27.0,2.87595,80.5266,77.65065
MAR,Morocco,Africa,Africa,North Africa,developing,1980,Transport,Rail ,N2O,265,273.0,19.8198,5252.247,5410.8054
MAR,Morocco,Africa,Africa,North Africa,developing,1980,Transport,Road,CO2,1,1.0,2411408.54,2411408.54,2411408.54
MAR,Morocco,Africa,Africa,North Africa,developing,1980,Transport,Road,CH4,28,27.0,456.12992,12771.63776,12315.50784
MAR,Morocco,Africa,Africa,North Africa,developing,1980,Transport,Road,N2O,265,273.0,45.485421,12053.636565,12417.519933
MAR,Morocco,Africa,Africa,North Africa,developing,1981,AFOLU,"Biomass burning (CH4, N2O)",CH4,28,27.0,127.04106399,3557.14979172,3430.10872773
MAR,Morocco,Africa,Africa,North Africa,developing,1981,AFOLU,"Biomass burning (CH4, N2O)",N2O,265,273.0,3.2936571226,872.819137489,899.1683944698
MAR,Morocco,Africa,Africa,North Africa,developing,1981,AFOLU,Enteric Fermentation (CH4),CH4,28,27.0,251632.35,7045705.8,6794073.45
MAR,Morocco,Africa,Africa,North Africa,developing,1981,AFOLU,"Managed soils and pasture (CO2, N2O)",CO2,1,1.0,156954.3,156954.3,156954.3
MAR,Morocco,Africa,Africa,North Africa,developing,1981,AFOLU,"Managed soils and pasture (CO2, N2O)",N2O,265,273.0,10626.67415959,2816068.65229135,2901082.04556807
MAR,Morocco,Africa,Africa,North Africa,developing,1981,AFOLU,"Manure management (N2O, CH4)",CH4,28,27.0,8351.3447,233837.6516,225486.3069
MAR,Morocco,Africa,Africa,North Africa,developing,1981,AFOLU,"Manure management (N2O, CH4)",N2O,265,273.0,91.68709752,24297.0808428,25030.57762296
MAR,Morocco,Africa,Africa,North Africa,developing,1981,AFOLU,Rice cultivation (CH4),CH4,28,27.0,929.483,26025.524,25096.041
MAR,Morocco,Africa,Africa,North Africa,developing,1981,AFOLU,Synthetic fertilizer application (N2O),N2O,265,273.0,1294.834,343131.01,353489.68200000003
MAR,Morocco,Africa,Africa,North Africa,developing,1981,Buildings,Non-CO2 (all buildings),HFC-152a,138,164.0,0.0,0.0,0.0
MAR,Morocco,Africa,Africa,North Africa,developing,1981,Buildings,Non-CO2 (all buildings),HFC-227ea,3350,3600.0,0.0,0.0,0.0
MAR,Morocco,Africa,Africa,North Africa,developing,1981,Buildings,Non-residential,CH4,28,27.0,5081.3,142276.4,137195.1
MAR,Morocco,Africa,Africa,North Africa,developing,1981,Buildings,Non-residential,N2O,265,273.0,67.699,17940.235,18481.827
MAR,Morocco,Africa,Africa,North Africa,developing,1981,Buildings,Residential,CO2,1,1.0,1244899.0,1244899.0,1244899.0
MAR,Morocco,Africa,Africa,North Africa,developing,1981,Buildings,Residential,CH4,28,27.0,4964.011,138992.30800000002,134028.29700000002
MAR,Morocco,Africa,Africa,North Africa,developing,1981,Buildings,Residential,N2O,265,273.0,70.1152,18580.528,19141.4496
MAR,Morocco,Africa,Africa,North Africa,developing,1981,Energy systems,Coal mining fugitive emissions,CO2,1,1.0,6170.33,6170.33,6170.33
MAR,Morocco,Africa,Africa,North Africa,developing,1981,Energy systems,Coal mining fugitive emissions,CH4,30,29.8,9724.97,291749.1,289804.106
MAR,Morocco,Africa,Africa,North Africa,developing,1981,Energy systems,Electricity & heat,CO2,1,1.0,4553915.86,4553915.86,4553915.86
MAR,Morocco,Africa,Africa,North Africa,developing,1981,Energy systems,Electricity & heat,CH4,28,27.0,53.781935,1505.89418,1452.112245
MAR,Morocco,Africa,Africa,North Africa,developing,1981,Energy systems,Electricity & heat,N2O,265,273.0,36.7335544,9734.391916,10028.2603512
MAR,Morocco,Africa,Africa,North Africa,developing,1981,Energy systems,Oil and gas fugitive emissions,CO2,1,1.0,47.177027,47.177027,47.177027
MAR,Morocco,Africa,Africa,North Africa,developing,1981,Energy systems,Oil and gas fugitive emissions,CH4,30,29.8,3683.35452,110500.6356,109763.964696
MAR,Morocco,Africa,Africa,North Africa,developing,1981,Energy systems,Oil and gas fugitive emissions,N2O,265,273.0,0.00138601,0.36729265,0.37838073
MAR,Morocco,Africa,Africa,North Africa,developing,1981,Energy systems,Other (energy systems),CO2,1,1.0,44369.6,44369.6,44369.6
MAR,Morocco,Africa,Africa,North Africa,developing,1981,Energy systems,Other (energy systems),CH4,28,27.0,1041.339,29157.492,28116.153
MAR,Morocco,Africa,Africa,North Africa,developing,1981,Energy systems,Other (energy systems),N2O,265,273.0,375.47388,99500.5782,102504.36924
MAR,Morocco,Africa,Africa,North Africa,developing,1981,Energy systems,Petroleum refining,CO2,1,1.0,199469.0,199469.0,199469.0
MAR,Morocco,Africa,Africa,North Africa,developing,1981,Energy systems,Petroleum refining,CH4,28,27.0,3.463,96.964,93.501
MAR,Morocco,Africa,Africa,North Africa,developing,1981,Energy systems,Petroleum refining,N2O,265,273.0,0.3463,91.7695,94.5399
MAR,Morocco,Africa,Africa,North Africa,developing,1981,Industry,Cement,CO2,1,1.0,1656990.0,1656990.0,1656990.0
MAR,Morocco,Africa,Africa,North Africa,developing,1981,Industry,Chemicals,CO2,1,1.0,92919.0,92919.0,92919.0
MAR,Morocco,Africa,Africa,North Africa,developing,1981,Industry,Chemicals,N2O,265,273.0,67.57208,17906.6012,18447.17784
MAR,Morocco,Africa,Africa,North Africa,developing,1981,Industry,Metals,CO2,1,1.0,120419.0,120419.0,120419.0
MAR,Morocco,Africa,Africa,North Africa,developing,1981,Industry,Metals,CH4,28,27.0,2.253,63.084,60.831
MAR,Morocco,Africa,Africa,North Africa,developing,1981,Industry,Metals,N2O,265,273.0,0.3238,85.80699999999999,88.39739999999999
MAR,Morocco,Africa,Africa,North Africa,developing,1981,Industry,Other (industry),CO2,1,1.0,4201547.0,4201547.0,4201547.0
MAR,Morocco,Africa,Africa,North Africa,developing,1981,Industry,Other (industry),CH4,28,27.0,174.10414,4874.91592,4700.81178
MAR,Morocco,Africa,Africa,North Africa,developing,1981,Industry,Other (industry),N2O,265,273.0,38.598579,10228.623435,10537.412067
MAR,Morocco,Africa,Africa,North Africa,developing,1981,Industry,Other (industry),HFC-125,3170,3740.0,0.0,0.0,0.0
MAR,Morocco,Africa,Africa,North Africa,developing,1981,Industry,Other (industry),HFC-134a,1300,1530.0,0.0,0.0,0.0
MAR,Morocco,Africa,Africa,North Africa,developing,1981,Industry,Other (industry),HFC-143a,4800,5810.0,0.0,0.0,0.0
MAR,Morocco,Africa,Africa,North Africa,developing,1981,Industry,Other (industry),HFC-245fa,858,962.0,0.0,0.0,0.0
MAR,Morocco,Africa,Africa,North Africa,developing,1981,Industry,Other (industry),HFC-32,677,771.0,0.0,0.0,0.0
MAR,Morocco,Africa,Africa,North Africa,developing,1981,Industry,Other (industry),HFC-365mfc,804,914.0,0.0,0.0,0.0
MAR,Morocco,Africa,Africa,North Africa,developing,1981,Industry,Waste,CH4,28,27.0,252464.0348,7068992.9744,6816528.9396
MAR,Morocco,Africa,Africa,North Africa,developing,1981,Industry,Waste,N2O,265,273.0,882.839,233952.335,241015.047
MAR,Morocco,Africa,Africa,North Africa,developing,1981,Transport,Inland Shipping,CO2,1,1.0,171583.0,171583.0,171583.0
MAR,Morocco,Africa,Africa,North Africa,developing,1981,Transport,Inland Shipping,CH4,28,27.0,16.226,454.328,438.102
MAR,Morocco,Africa,Africa,North Africa,developing,1981,Transport,Inland Shipping,N2O,265,273.0,4.636,1228.54,1265.628
MAR,Morocco,Africa,Africa,North Africa,developing,1981,Transport,Other (transport),CO2,1,1.0,962559.0,962559.0,962559.0
MAR,Morocco,Africa,Africa,North Africa,developing,1981,Transport,Other (transport),CH4,28,27.0,53.9085,1509.438,1455.5295
MAR,Morocco,Africa,Africa,North Africa,developing,1981,Transport,Other (transport),N2O,265,273.0,371.514,98451.21,101423.322
MAR,Morocco,Africa,Africa,North Africa,developing,1981,Transport,Rail ,CO2,1,1.0,54537.6,54537.6,54537.6
MAR,Morocco,Africa,Africa,North Africa,developing,1981,Transport,Rail ,CH4,28,27.0,3.0544,85.52319999999999,82.46879999999999
MAR,Morocco,Africa,Africa,North Africa,developing,1981,Transport,Rail ,N2O,265,273.0,21.0496,5578.144,5746.540800000001
MAR,Morocco,Africa,Africa,North Africa,developing,1981,Transport,Road,CO2,1,1.0,2332546.704,2332546.704,2332546.704
MAR,Morocco,Africa,Africa,North Africa,developing,1981,Transport,Road,CH4,28,27.0,439.8059712,12314.5671936,11874.7612224
MAR,Morocco,Africa,Africa,North Africa,developing,1981,Transport,Road,N2O,265,273.0,44.490409115,11789.958415475,12145.881688395
MAR,Morocco,Africa,Africa,North Africa,developing,1982,AFOLU,"Biomass burning (CH4, N2O)",CH4,28,27.0,198.44990299,5556.59728372,5358.14738073
MAR,Morocco,Africa,Africa,North Africa,developing,1982,AFOLU,"Biomass burning (CH4, N2O)",N2O,265,273.0,5.1449906966,1363.422534599,1404.5824601718
MAR,Morocco,Africa,Africa,North Africa,developing,1982,AFOLU,Enteric Fermentation (CH4),CH4,28,27.0,190565.66,5335838.48,5145272.82
MAR,Morocco,Africa,Africa,North Africa,developing,1982,AFOLU,"Managed soils and pasture (CO2, N2O)",CO2,1,1.0,144382.7,144382.7,144382.7
MAR,Morocco,Africa,Africa,North Africa,developing,1982,AFOLU,"Managed soils and pasture (CO2, N2O)",N2O,265,273.0,8440.72536697,2236792.22224705,2304318.02518281
MAR,Morocco,Africa,Africa,North Africa,developing,1982,AFOLU,"Manure management (N2O, CH4)",CH4,28,27.0,6502.249,182062.972,175560.723
MAR,Morocco,Africa,Africa,North Africa,developing,1982,AFOLU,"Manure management (N2O, CH4)",N2O,265,273.0,82.66628165,21906.56463725,22567.89489045
MAR,Morocco,Africa,Africa,North Africa,developing,1982,AFOLU,Rice cultivation (CH4),CH4,28,27.0,176.0368,4929.0304,4752.9936
MAR,Morocco,Africa,Africa,North Africa,developing,1982,AFOLU,Synthetic fertilizer application (N2O),N2O,265,273.0,1431.546,379359.69,390812.058
MAR,Morocco,Africa,Africa,North Africa,developing,1982,Buildings,Non-CO2 (all buildings),HFC-152a,138,164.0,0.0,0.0,0.0
MAR,Morocco,Africa,Africa,North Africa,developing,1982,Buildings,Non-CO2 (all buildings),HFC-227ea,3350,3600.0,0.0,0.0,0.0
MAR,Morocco,Africa,Africa,North Africa,developing,1982,Buildings,Non-residential,CH4,28,27.0,5206.4,145779.19999999998,140572.8
MAR,Morocco,Africa,Africa,North Africa,developing,1982,Buildings,Non-residential,N2O,265,273.0,69.367,18382.255,18937.191000000003
MAR,Morocco,Africa,Africa,North Africa,developing,1982,Buildings,Residential,CO2,1,1.0,1335449.0,1335449.0,1335449.0
MAR,Morocco,Africa,Africa,North Africa,developing,1982,Buildings,Residential,CH4,28,27.0,5092.2061,142581.7708,137489.56470000002
MAR,Morocco,Africa,Africa,North Africa,developing,1982,Buildings,Residential,N2O,265,273.0,71.9899,19077.3235,19653.242700000003
MAR,Morocco,Africa,Africa,North Africa,developing,1982,Energy systems,Coal mining fugitive emissions,CO2,1,1.0,6451.09,6451.09,6451.09
MAR,Morocco,Africa,Africa,North Africa,developing,1982,Energy systems,Coal mining fugitive emissions,CH4,30,29.8,10167.5,305025.0,302991.5
MAR,Morocco,Africa,Africa,North Africa,developing,1982,Energy systems,Electricity & heat,CO2,1,1.0,4923902.98,4923902.98,4923902.98
MAR,Morocco,Africa,Africa,North Africa,developing,1982,Energy systems,Electricity & heat,CH4,28,27.0,59.937738,1678.256664,1618.318926
MAR,Morocco,Africa,Africa,North Africa,developing,1982,Energy systems,Electricity & heat,N2O,265,273.0,37.1732016,9850.898424,10148.2840368
MAR,Morocco,Africa,Africa,North Africa,developing,1982,Energy systems,Oil and gas fugitive emissions,CO2,1,1.0,40.29373,40.29373,40.29373
MAR,Morocco,Africa,Africa,North Africa,developing,1982,Energy systems,Oil and gas fugitive emissions,CH4,30,29.8,3669.67784,110090.3352,109356.399632
MAR,Morocco,Africa,Africa,North Africa,developing,1982,Energy systems,Oil and gas fugitive emissions,N2O,265,273.0,0.00116687,0.30922055,0.31855551
MAR,Morocco,Africa,Africa,North Africa,developing,1982,Energy systems,Other (energy systems),CO2,1,1.0,82682.6,82682.6,82682.6
MAR,Morocco,Africa,Africa,North Africa,developing,1982,Energy systems,Other (energy systems),CH4,28,27.0,1136.044,31809.232000000004,30673.188
MAR,Morocco,Africa,Africa,North Africa,developing,1982,Energy systems,Other (energy systems),N2O,265,273.0,410.89198,108886.3747,112173.51054
MAR,Morocco,Africa,Africa,North Africa,developing,1982,Energy systems,Petroleum refining,CO2,1,1.0,202234.0,202234.0,202234.0
MAR,Morocco,Africa,Africa,North Africa,developing,1982,Energy systems,Petroleum refining,CH4,28,27.0,3.511,98.308,94.797
MAR,Morocco,Africa,Africa,North Africa,developing,1982,Energy systems,Petroleum refining,N2O,265,273.0,0.3511,93.0415,95.8503
MAR,Morocco,Africa,Africa,North Africa,developing,1982,Industry,Cement,CO2,1,1.0,1705440.0,1705440.0,1705440.0
MAR,Morocco,Africa,Africa,North Africa,developing,1982,Industry,Chemicals,CO2,1,1.0,96158.7,96158.7,96158.7
MAR,Morocco,Africa,Africa,North Africa,developing,1982,Industry,Chemicals,N2O,265,273.0,69.23638,18347.6407,18901.53174
MAR,Morocco,Africa,Africa,North Africa,developing,1982,Industry,Metals,CO2,1,1.0,104867.2,104867.2,104867.2
MAR,Morocco,Africa,Africa,North Africa,developing,1982,Industry,Metals,CH4,28,27.0,1.628,45.584,43.956
MAR,Morocco,Africa,Africa,North Africa,developing,1982,Industry,Metals,N2O,265,273.0,0.2333,61.8245,63.6909
MAR,Morocco,Africa,Africa,North Africa,developing,1982,Industry,Other (industry),CO2,1,1.0,4159870.2,4159870.2,4159870.2
MAR,Morocco,Africa,Africa,North Africa,developing,1982,Industry,Other (industry),CH4,28,27.0,173.91514,4869.62392,4695.70878
MAR,Morocco,Africa,Africa,North Africa,developing,1982,Industry,Other (industry),N2O,265,273.0,38.82073,10287.49345,10598.05929
MAR,Morocco,Africa,Africa,North Africa,developing,1982,Industry,Other (industry),HFC-125,3170,3740.0,0.0,0.0,0.0
MAR,Morocco,Africa,Africa,North Africa,developing,1982,Industry,Other (industry),HFC-134a,1300,1530.0,0.0,0.0,0.0
MAR,Morocco,Africa,Africa,North Africa,developing,1982,Industry,Other (industry),HFC-143a,4800,5810.0,0.0,0.0,0.0
MAR,Morocco,Africa,Africa,North Africa,developing,1982,Industry,Other (industry),HFC-245fa,858,962.0,0.0,0.0,0.0
MAR,Morocco,Africa,Africa,North Africa,developing,1982,Industry,Other (industry),HFC-32,677,771.0,0.0,0.0,0.0
MAR,Morocco,Africa,Africa,North Africa,developing,1982,Industry,Other (industry),HFC-365mfc,804,914.0,0.0,0.0,0.0
MAR,Morocco,Africa,Africa,North Africa,developing,1982,Industry,Waste,CH4,28,27.0,262674.2846,7354879.968800001,7092205.6842
MAR,Morocco,Africa,Africa,North Africa,developing,1982,Industry,Waste,N2O,265,273.0,931.44,246831.6,254283.12
MAR,Morocco,Africa,Africa,North Africa,developing,1982,Transport,Inland Shipping,CO2,1,1.0,364095.0,364095.0,364095.0
MAR,Morocco,Africa,Africa,North Africa,developing,1982,Transport,Inland Shipping,CH4,28,27.0,34.412,963.536,929.124
MAR,Morocco,Africa,Africa,North Africa,developing,1982,Transport,Inland Shipping,N2O,265,273.0,9.832,2605.48,2684.1360000000004
MAR,Morocco,Africa,Africa,North Africa,developing,1982,Transport,Other (transport),CO2,1,1.0,975378.0,975378.0,975378.0
MAR,Morocco,Africa,Africa,North Africa,developing,1982,Transport,Other (transport),CH4,28,27.0,54.6265,1529.542,1474.9155
MAR,Morocco,Africa,Africa,North Africa,developing,1982,Transport,Other (transport),N2O,265,273.0,376.462,99762.43,102774.126
MAR,Morocco,Africa,Africa,North Africa,developing,1982,Transport,Rail ,CO2,1,1.0,67356.9,67356.9,67356.9
MAR,Morocco,Africa,Africa,North Africa,developing,1982,Transport,Rail ,CH4,28,27.0,3.77235,105.6258,101.85345
MAR,Morocco,Africa,Africa,North Africa,developing,1982,Transport,Rail ,N2O,265,273.0,25.9974,6889.311,7097.2902
MAR,Morocco,Africa,Africa,North Africa,developing,1982,Transport,Road,CO2,1,1.0,2336424.75,2336424.75,2336424.75
MAR,Morocco,Africa,Africa,North Africa,developing,1982,Transport,Road,CH4,28,27.0,434.1495406,12156.1871368,11722.0375962
MAR,Morocco,Africa,Africa,North Africa,developing,1982,Transport,Road,N2O,265,273.0,44.62572664,11825.8175596,12182.82337272
MAR,Morocco,Africa,Africa,North Africa,developing,1983,AFOLU,"Biomass burning (CH4, N2O)",CH4,28,27.0,181.39977299,5079.19364372,4897.79387073
MAR,Morocco,Africa,Africa,North Africa,developing,1983,AFOLU,"Biomass burning (CH4, N2O)",N2O,265,273.0,4.7029599126,1246.284376839,1283.9080561398
MAR,Morocco,Africa,Africa,North Africa,developing,1983,AFOLU,Enteric Fermentation (CH4),CH4,28,27.0,201967.8,5655098.399999999,5453130.6
MAR,Morocco,Africa,Africa,North Africa,developing,1983,AFOLU,"Managed soils and pasture (CO2, N2O)",CO2,1,1.0,191337.4,191337.4,191337.4
MAR,Morocco,Africa,Africa,North Africa,developing,1983,AFOLU,"Managed soils and pasture (CO2, N2O)",N2O,265,273.0,9102.21984155,2412088.25801075,2484906.01674315
MAR,Morocco,Africa,Africa,North Africa,developing,1983,AFOLU,"Manure management (N2O, CH4)",CH4,28,27.0,6846.0832,191690.3296,184844.2464
MAR,Morocco,Africa,Africa,North Africa,developing,1983,AFOLU,"Manure management (N2O, CH4)",N2O,265,273.0,83.12343776,22027.7110064,22692.69850848
MAR,Morocco,Africa,Africa,North Africa,developing,1983,AFOLU,Rice cultivation (CH4),CH4,28,27.0,294.6554,8250.3512,7955.695799999999
MAR,Morocco,Africa,Africa,North Africa,developing,1983,AFOLU,Synthetic fertilizer application (N2O),N2O,265,273.0,1742.683,461810.995,475752.459
MAR,Morocco,Africa,Africa,North Africa,developing,1983,Buildings,Non-CO2 (all buildings),HFC-152a,138,164.0,0.0,0.0,0.0
MAR,Morocco,Africa,Africa,North Africa,developing,1983,Buildings,Non-CO2 (all buildings),HFC-227ea,3350,3600.0,0.0,0.0,0.0
MAR,Morocco,Africa,Africa,North Africa,developing,1983,Buildings,Non-residential,CH4,28,27.0,5333.0,149324.0,143991.0
MAR,Morocco,Africa,Africa,North Africa,developing,1983,Buildings,Non-residential,N2O,265,273.0,71.055,18829.575,19398.015000000003
MAR,Morocco,Africa,Africa,North Africa,developing,1983,Buildings,Residential,CO2,1,1.0,1417144.0,1417144.0,1417144.0
MAR,Morocco,Africa,Africa,North Africa,developing,1983,Buildings,Residential,CH4,28,27.0,5221.7961,146210.2908,140988.49469999998
MAR,Morocco,Africa,Africa,North Africa,developing,1983,Buildings,Residential,N2O,265,273.0,73.8921,19581.4065,20172.5433
MAR,Morocco,Africa,Africa,North Africa,developing,1983,Energy systems,Coal mining fugitive emissions,CO2,1,1.0,6591.47,6591.47,6591.47
MAR,Morocco,Africa,Africa,North Africa,developing,1983,Energy systems,Coal mining fugitive emissions,CH4,30,29.8,10388.7,311661.0,309583.26
MAR,Morocco,Africa,Africa,North Africa,developing,1983,Energy systems,Electricity & heat,CO2,1,1.0,5413485.24,5413485.24,5413485.24
MAR,Morocco,Africa,Africa,North Africa,developing,1983,Energy systems,Electricity & heat,CH4,28,27.0,65.600083,1836.802324,1771.202241
MAR,Morocco,Africa,Africa,North Africa,developing,1983,Energy systems,Electricity & heat,N2O,265,273.0,41.0907493,10889.0485645,11217.7745589
MAR,Morocco,Africa,Africa,North Africa,developing,1983,Energy systems,Oil and gas fugitive emissions,CO2,1,1.0,42.497108,42.497108,42.497108
MAR,Morocco,Africa,Africa,North Africa,developing,1983,Energy systems,Oil and gas fugitive emissions,CH4,30,29.8,3873.28749,116198.6247,115423.967202
MAR,Morocco,Africa,Africa,North Africa,developing,1983,Energy systems,Oil and gas fugitive emissions,N2O,265,273.0,0.00123991,0.32857615,0.33849543
MAR,Morocco,Africa,Africa,North Africa,developing,1983,Energy systems,Other (energy systems),CO2,1,1.0,61492.2,61492.2,61492.2
MAR,Morocco,Africa,Africa,North Africa,developing,1983,Energy systems,Other (energy systems),CH4,28,27.0,1125.65,31518.200000000004,30392.550000000003
MAR,Morocco,Africa,Africa,North Africa,developing,1983,Energy systems,Other (energy systems),N2O,265,273.0,414.73202,109903.9853,113221.84146
MAR,Morocco,Africa,Africa,North Africa,developing,1983,Energy systems,Petroleum refining,CO2,1,1.0,252115.0,252115.0,252115.0
MAR,Morocco,Africa,Africa,North Africa,developing,1983,Energy systems,Petroleum refining,CH4,28,27.0,4.377,122.556,118.179
MAR,Morocco,Africa,Africa,North Africa,developing,1983,Energy systems,Petroleum refining,N2O,265,273.0,0.4377,115.9905,119.4921
MAR,Morocco,Africa,Africa,North Africa,developing,1983,Industry,Cement,CO2,1,1.0,1740200.0,1740200.0,1740200.0
MAR,Morocco,Africa,Africa,North Africa,developing,1983,Industry,Chemicals,CO2,1,1.0,239472.58,239472.58,239472.58
MAR,Morocco,Africa,Africa,North Africa,developing,1983,Industry,Chemicals,CH4,28,27.0,5.427,151.956,146.529
MAR,Morocco,Africa,Africa,North Africa,developing,1983,Industry,Chemicals,N2O,265,273.0,72.00749,19081.98485,19658.04477
MAR,Morocco,Africa,Africa,North Africa,developing,1983,Industry,Metals,CO2,1,1.0,113596.6,113596.6,113596.6
MAR,Morocco,Africa,Africa,North Africa,developing,1983,Industry,Metals,CH4,28,27.0,1.93,54.04,52.11
MAR,Morocco,Africa,Africa,North Africa,developing,1983,Industry,Metals,N2O,265,273.0,0.2775,73.53750000000001,75.75750000000001
MAR,Morocco,Africa,Africa,North Africa,developing,1983,Industry,Other (industry),CO2,1,1.0,4280985.2,4280985.2,4280985.2
MAR,Morocco,Africa,Africa,North Africa,developing,1983,Industry,Other (industry),CH4,28,27.0,209.38214,5862.69992,5653.317779999999
MAR,Morocco,Africa,Africa,North Africa,developing,1983,Industry,Other (industry),N2O,265,273.0,43.87714,11627.442099999998,11978.45922
MAR,Morocco,Africa,Africa,North Africa,developing,1983,Industry,Other (industry),HFC-125,3170,3740.0,0.0,0.0,0.0
MAR,Morocco,Africa,Africa,North Africa,developing,1983,Industry,Other (industry),HFC-134a,1300,1530.0,0.0,0.0,0.0
MAR,Morocco,Africa,Africa,North Africa,developing,1983,Industry,Other (industry),HFC-143a,4800,5810.0,0.0,0.0,0.0
MAR,Morocco,Africa,Africa,North Africa,developing,1983,Industry,Other (industry),HFC-245fa,858,962.0,0.0,0.0,0.0
MAR,Morocco,Africa,Africa,North Africa,developing,1983,Industry,Other (industry),HFC-32,677,771.0,0.0,0.0,0.0
MAR,Morocco,Africa,Africa,North Africa,developing,1983,Industry,Other (industry),HFC-365mfc,804,914.0,0.0,0.0,0.0
MAR,Morocco,Africa,Africa,North Africa,developing,1983,Industry,Waste,CH4,28,27.0,273298.0645,7652345.806,7379047.7415
MAR,Morocco,Africa,Africa,North Africa,developing,1983,Industry,Waste,N2O,265,273.0,943.199,249947.735,257493.327
MAR,Morocco,Africa,Africa,North Africa,developing,1983,Transport,Inland Shipping,CO2,1,1.0,280658.0,280658.0,280658.0
MAR,Morocco,Africa,Africa,North Africa,developing,1983,Transport,Inland Shipping,CH4,28,27.0,26.53,742.84,716.3100000000001
MAR,Morocco,Africa,Africa,North Africa,developing,1983,Transport,Inland Shipping,N2O,265,273.0,7.58,2008.7,2069.34
MAR,Morocco,Africa,Africa,North Africa,developing,1983,Transport,Other (transport),CO2,1,1.0,975378.0,975378.0,975378.0
MAR,Morocco,Africa,Africa,North Africa,developing,1983,Transport,Other (transport),CH4,28,27.0,54.6265,1529.542,1474.9155
MAR,Morocco,Africa,Africa,North Africa,developing,1983,Transport,Other (transport),N2O,265,273.0,376.462,99762.43,102774.126
MAR,Morocco,Africa,Africa,North Africa,developing,1983,Transport,Rail ,CO2,1,1.0,67356.9,67356.9,67356.9
MAR,Morocco,Africa,Africa,North Africa,developing,1983,Transport,Rail ,CH4,28,27.0,3.77235,105.6258,101.85345
MAR,Morocco,Africa,Africa,North Africa,developing,1983,Transport,Rail ,N2O,265,273.0,25.9974,6889.311,7097.2902
MAR,Morocco,Africa,Africa,North Africa,developing,1983,Transport,Road,CO2,1,1.0,2327003.77,2327003.77,2327003.77
MAR,Morocco,Africa,Africa,North Africa,developing,1983,Transport,Road,CH4,28,27.0,431.778994,12089.811832,11658.032838
MAR,Morocco,Africa,Africa,North Africa,developing,1983,Transport,Road,N2O,265,273.0,44.98175317,11920.16459005,12280.01861541
MAR,Morocco,Africa,Africa,North Africa,developing,1984,AFOLU,"Biomass burning (CH4, N2O)",CH4,28,27.0,181.63633349,5085.81733772,4904.18100423
MAR,Morocco,Africa,Africa,North Africa,developing,1984,AFOLU,"Biomass burning (CH4, N2O)",N2O,265,273.0,4.7090907796,1247.909056594,1285.5817828308002
MAR,Morocco,Africa,Africa,North Africa,developing,1984,AFOLU,Enteric Fermentation (CH4),CH4,28,27.0,189422.7,5303835.600000001,5114412.9
MAR,Morocco,Africa,Africa,North Africa,developing,1984,AFOLU,"Managed soils and pasture (CO2, N2O)",CO2,1,1.0,166194.3,166194.3,166194.3
MAR,Morocco,Africa,Africa,North Africa,developing,1984,AFOLU,"Managed soils and pasture (CO2, N2O)",N2O,265,273.0,8578.32337507,2273255.69439355,2341882.28139411
MAR,Morocco,Africa,Africa,North Africa,developing,1984,AFOLU,"Manure management (N2O, CH4)",CH4,28,27.0,6482.82914,181519.21592,175036.38678
MAR,Morocco,Africa,Africa,North Africa,developing,1984,AFOLU,"Manure management (N2O, CH4)",N2O,265,273.0,83.07476656,22014.8131384,22679.41127088
MAR,Morocco,Africa,Africa,North Africa,developing,1984,AFOLU,Rice cultivation (CH4),CH4,28,27.0,307.1105,8599.094000000001,8291.9835
MAR,Morocco,Africa,Africa,North Africa,developing,1984,AFOLU,Synthetic fertilizer application (N2O),N2O,265,273.0,1646.8278,436409.367,449583.9894
MAR,Morocco,Africa,Africa,North Africa,developing,1984,Buildings,Non-CO2 (all buildings),HFC-152a,138,164.0,0.0,0.0,0.0
MAR,Morocco,Africa,Africa,North Africa,developing,1984,Buildings,Non-CO2 (all buildings),HFC-227ea,3350,3600.0,0.0,0.0,0.0
MAR,Morocco,Africa,Africa,North Africa,developing,1984,Buildings,Non-residential,CH4,28,27.0,5459.0,152852.0,147393.0
MAR,Morocco,Africa,Africa,North Africa,developing,1984,Buildings,Non-residential,N2O,265,273.0,72.735,19274.775,19856.655
MAR,Morocco,Africa,Africa,North Africa,developing,1984,Buildings,Residential,CO2,1,1.0,1462391.0,1462391.0,1462391.0
MAR,Morocco,Africa,Africa,North Africa,developing,1984,Buildings,Residential,CH4,28,27.0,5345.1179,149663.30120000002,144318.1833
MAR,Morocco,Africa,Africa,North Africa,developing,1984,Buildings,Residential,N2O,265,273.0,75.6001,20034.0265,20638.8273
MAR,Morocco,Africa,Africa,North Africa,developing,1984,Energy systems,Coal mining fugitive emissions,CO2,1,1.0,7355.13,7355.13,7355.13
MAR,Morocco,Africa,Africa,North Africa,developing,1984,Energy systems,Coal mining fugitive emissions,CH4,30,29.8,11592.3,347769.0,345450.54
MAR,Morocco,Africa,Africa,North Africa,developing,1984,Energy systems,Electricity & heat,CO2,1,1.0,5769915.6,5769915.6,5769915.6
MAR,Morocco,Africa,Africa,North Africa,developing,1984,Energy systems,Electricity & heat,CH4,28,27.0,71.752902,2009.081256,1937.328354
MAR,Morocco,Africa,Africa,North Africa,developing,1984,Energy systems,Electricity & heat,N2O,265,273.0,41.513214,11001.00171,11333.107422
MAR,Morocco,Africa,Africa,North Africa,developing,1984,Energy systems,Oil and gas fugitive emissions,CO2,1,1.0,40.323356,40.323356,40.323356
MAR,Morocco,Africa,Africa,North Africa,developing,1984,Energy systems,Oil and gas fugitive emissions,CH4,30,29.8,3944.81079,118344.3237,117555.361542
MAR,Morocco,Africa,Africa,North Africa,developing,1984,Energy systems,Oil and gas fugitive emissions,N2O,265,273.0,0.00116687,0.30922055,0.31855551
MAR,Morocco,Africa,Africa,North Africa,developing,1984,Energy systems,Other (energy systems),CO2,1,1.0,58559.6,58559.6,58559.6
MAR,Morocco,Africa,Africa,North Africa,developing,1984,Energy systems,Other (energy systems),CH4,28,27.0,1115.449,31232.572,30117.123000000003
MAR,Morocco,Africa,Africa,North Africa,developing,1984,Energy systems,Other (energy systems),N2O,265,273.0,408.08056,108141.3484,111405.99288
MAR,Morocco,Africa,Africa,North Africa,developing,1984,Energy systems,Petroleum refining,CO2,1,1.0,277056.0,277056.0,277056.0
MAR,Morocco,Africa,Africa,North Africa,developing,1984,Energy systems,Petroleum refining,CH4,28,27.0,4.81,134.67999999999998,129.86999999999998
MAR,Morocco,Africa,Africa,North Africa,developing,1984,Energy systems,Petroleum refining,N2O,265,273.0,0.481,127.465,131.313
MAR,Morocco,Africa,Africa,North Africa,developing,1984,Industry,Cement,CO2,1,1.0,1602930.0,1602930.0,1602930.0
MAR,Morocco,Africa,Africa,North Africa,developing,1984,Industry,Chemicals,CO2,1,1.0,258326.98,258326.98,258326.98
MAR,Morocco,Africa,Africa,North Africa,developing,1984,Industry,Chemicals,CH4,28,27.0,6.03,168.84,162.81
MAR,Morocco,Africa,Africa,North Africa,developing,1984,Industry,Chemicals,N2O,265,273.0,73.80524,19558.3886,20148.83052
MAR,Morocco,Africa,Africa,North Africa,developing,1984,Industry,Metals,CO2,1,1.0,94346.9,94346.9,94346.9
MAR,Morocco,Africa,Africa,North Africa,developing,1984,Industry,Metals,CH4,28,27.0,1.606,44.968,43.362
MAR,Morocco,Africa,Africa,North Africa,developing,1984,Industry,Metals,N2O,265,273.0,0.2311,61.2415,63.0903
MAR,Morocco,Africa,Africa,North Africa,developing,1984,Industry,Other (industry),CO2,1,1.0,4254791.3,4254791.3,4254791.3
MAR,Morocco,Africa,Africa,North Africa,developing,1984,Industry,Other (industry),CH4,28,27.0,212.80414,5958.51592,5745.71178
MAR,Morocco,Africa,Africa,North Africa,developing,1984,Industry,Other (industry),N2O,265,273.0,43.871406,11625.92259,11976.893838
MAR,Morocco,Africa,Africa,North Africa,developing,1984,Industry,Other (industry),HFC-125,3170,3740.0,0.0,0.0,0.0
MAR,Morocco,Africa,Africa,North Africa,developing,1984,Industry,Other (industry),HFC-134a,1300,1530.0,0.0,0.0,0.0
MAR,Morocco,Africa,Africa,North Africa,developing,1984,Industry,Other (industry),HFC-143a,4800,5810.0,0.0,0.0,0.0
MAR,Morocco,Africa,Africa,North Africa,developing,1984,Industry,Other (industry),HFC-245fa,858,962.0,0.0,0.0,0.0
MAR,Morocco,Africa,Africa,North Africa,developing,1984,Industry,Other (industry),HFC-32,677,771.0,0.0,0.0,0.0
MAR,Morocco,Africa,Africa,North Africa,developing,1984,Industry,Other (industry),HFC-365mfc,804,914.0,0.0,0.0,0.0
MAR,Morocco,Africa,Africa,North Africa,developing,1984,Industry,Waste,CH4,28,27.0,283365.2679,7934227.5012,7650862.233299999
MAR,Morocco,Africa,Africa,North Africa,developing,1984,Industry,Waste,N2O,265,273.0,994.086,263432.79,271385.478
MAR,Morocco,Africa,Africa,North Africa,developing,1984,Transport,Inland Shipping,CO2,1,1.0,152317.2,152317.2,152317.2
MAR,Morocco,Africa,Africa,North Africa,developing,1984,Transport,Inland Shipping,CH4,28,27.0,14.406,403.368,388.962
MAR,Morocco,Africa,Africa,North Africa,developing,1984,Transport,Inland Shipping,N2O,265,273.0,4.116,1090.74,1123.668
MAR,Morocco,Africa,Africa,North Africa,developing,1984,Transport,Other (transport),CO2,1,1.0,1013910.0,1013910.0,1013910.0
MAR,Morocco,Africa,Africa,North Africa,developing,1984,Transport,Other (transport),CH4,28,27.0,56.7845,1589.966,1533.1815
MAR,Morocco,Africa,Africa,North Africa,developing,1984,Transport,Other (transport),N2O,265,273.0,391.334,103703.51,106834.182
MAR,Morocco,Africa,Africa,North Africa,developing,1984,Transport,Rail ,CO2,1,1.0,70617.3,70617.3,70617.3
MAR,Morocco,Africa,Africa,North Africa,developing,1984,Transport,Rail ,CH4,28,27.0,3.95495,110.7386,106.78365
MAR,Morocco,Africa,Africa,North Africa,developing,1984,Transport,Rail ,N2O,265,273.0,27.2558,7222.787,7440.8334
MAR,Morocco,Africa,Africa,North Africa,developing,1984,Transport,Road,CO2,1,1.0,2350629.75,2350629.75,2350629.75
MAR,Morocco,Africa,Africa,North Africa,developing,1984,Transport,Road,CH4,28,27.0,422.187341,11821.245548,11399.058207
MAR,Morocco,Africa,Africa,North Africa,developing,1984,Transport,Road,N2O,265,273.0,44.77519281,11865.42609465,12223.62763713
MAR,Morocco,Africa,Africa,North Africa,developing,1985,AFOLU,"Biomass burning (CH4, N2O)",CH4,28,27.0,223.25506879,6251.14192612,6027.88685733
MAR,Morocco,Africa,Africa,North Africa,developing,1985,AFOLU,"Biomass burning (CH4, N2O)",N2O,265,273.0,5.7881000686,1533.846518179,1580.1513187278
MAR,Morocco,Africa,Africa,North Africa,developing,1985,AFOLU,Enteric Fermentation (CH4),CH4,28,27.0,206284.14,5775955.92,5569671.78
MAR,Morocco,Africa,Africa,North Africa,developing,1985,AFOLU,"Managed soils and pasture (CO2, N2O)",CO2,1,1.0,195894.3,195894.3,195894.3
MAR,Morocco,Africa,Africa,North Africa,developing,1985,AFOLU,"Managed soils and pasture (CO2, N2O)",N2O,265,273.0,9556.95098289,2532592.01046585,2609047.6183289704
MAR,Morocco,Africa,Africa,North Africa,developing,1985,AFOLU,"Manure management (N2O, CH4)",CH4,28,27.0,7104.4369,198924.2332,191819.7963
MAR,Morocco,Africa,Africa,North Africa,developing,1985,AFOLU,"Manure management (N2O, CH4)",N2O,265,273.0,90.08122017,23871.52334505,24592.17310641
MAR,Morocco,Africa,Africa,North Africa,developing,1985,AFOLU,Rice cultivation (CH4),CH4,28,27.0,100.7443,2820.8404,2720.0961
MAR,Morocco,Africa,Africa,North Africa,developing,1985,AFOLU,Synthetic fertilizer application (N2O),N2O,265,273.0,2016.107,534268.355,550397.211
MAR,Morocco,Africa,Africa,North Africa,developing,1985,Buildings,Non-CO2 (all buildings),HFC-152a,138,164.0,0.0,0.0,0.0
MAR,Morocco,Africa,Africa,North Africa,developing,1985,Buildings,Non-CO2 (all buildings),HFC-227ea,3350,3600.0,0.0,0.0,0.0
MAR,Morocco,Africa,Africa,North Africa,developing,1985,Buildings,Non-residential,CH4,28,27.0,5582.6,156312.80000000002,150730.2
MAR,Morocco,Africa,Africa,North Africa,developing,1985,Buildings,Non-residential,N2O,265,273.0,74.383,19711.495,20306.559
MAR,Morocco,Africa,Africa,North Africa,developing,1985,Buildings,Residential,CO2,1,1.0,1533660.0,1533660.0,1533660.0
MAR,Morocco,Africa,Africa,North Africa,developing,1985,Buildings,Residential,CH4,28,27.0,5468.1781,153108.9868,147640.8087
MAR,Morocco,Africa,Africa,North Africa,developing,1985,Buildings,Residential,N2O,265,273.0,77.2321,20466.5065,21084.3633
MAR,Morocco,Africa,Africa,North Africa,developing,1985,Energy systems,Coal mining fugitive emissions,CO2,1,1.0,6802.22,6802.22,6802.22
MAR,Morocco,Africa,Africa,North Africa,developing,1985,Energy systems,Coal mining fugitive emissions,CH4,30,29.8,10720.9,321627.0,319482.82
MAR,Morocco,Africa,Africa,North Africa,developing,1985,Energy systems,Electricity & heat,CO2,1,1.0,5779124.24,5779124.24,5779124.24
MAR,Morocco,Africa,Africa,North Africa,developing,1985,Energy systems,Electricity & heat,CH4,28,27.0,73.019633,2044.549724,1971.530091
MAR,Morocco,Africa,Africa,North Africa,developing,1985,Energy systems,Electricity & heat,N2O,265,273.0,40.0628893,10616.6656645,10937.1687789
MAR,Morocco,Africa,Africa,North Africa,developing,1985,Energy systems,Oil and gas fugitive emissions,CO2,1,1.0,54.402997,54.402997,54.402997
MAR,Morocco,Africa,Africa,North Africa,developing,1985,Energy systems,Oil and gas fugitive emissions,CH4,30,29.8,4084.21374,122526.4122,121709.569452
MAR,Morocco,Africa,Africa,North Africa,developing,1985,Energy systems,Oil and gas fugitive emissions,N2O,265,273.0,0.00160514,0.4253620999999999,0.4382032199999999
MAR,Morocco,Africa,Africa,North Africa,developing,1985,Energy systems,Other (energy systems),CO2,1,1.0,98498.7,98498.7,98498.7
MAR,Morocco,Africa,Africa,North Africa,developing,1985,Energy systems,Other (energy systems),CH4,28,27.0,1112.881,31160.668,30047.787000000004
MAR,Morocco,Africa,Africa,North Africa,developing,1985,Energy systems,Other (energy systems),N2O,265,273.0,422.34,111920.1,115298.82
MAR,Morocco,Africa,Africa,North Africa,developing,1985,Energy systems,Petroleum refining,CO2,1,1.0,265997.0,265997.0,265997.0
MAR,Morocco,Africa,Africa,North Africa,developing,1985,Energy systems,Petroleum refining,CH4,28,27.0,4.618,129.304,124.686
MAR,Morocco,Africa,Africa,North Africa,developing,1985,Energy systems,Petroleum refining,N2O,265,273.0,0.4618,122.377,126.0714
MAR,Morocco,Africa,Africa,North Africa,developing,1985,Industry,Cement,CO2,1,1.0,1646500.0,1646500.0,1646500.0
MAR,Morocco,Africa,Africa,North Africa,developing,1985,Industry,Chemicals,CO2,1,1.0,261580.79,261580.79,261580.79
MAR,Morocco,Africa,Africa,North Africa,developing,1985,Industry,Chemicals,CH4,28,27.0,6.03,168.84,162.81
MAR,Morocco,Africa,Africa,North Africa,developing,1985,Industry,Chemicals,N2O,265,273.0,75.45175,19994.713750000003,20598.32775
MAR,Morocco,Africa,Africa,North Africa,developing,1985,Industry,Metals,CO2,1,1.0,121503.6,121503.6,121503.6
MAR,Morocco,Africa,Africa,North Africa,developing,1985,Industry,Metals,CH4,28,27.0,1.951,54.628,52.677
MAR,Morocco,Africa,Africa,North Africa,developing,1985,Industry,Metals,N2O,265,273.0,0.2796,74.09400000000001,76.33080000000001
MAR,Morocco,Africa,Africa,North Africa,developing,1985,Industry,Other (industry),CO2,1,1.0,4714155.9,4714155.9,4714155.9
MAR,Morocco,Africa,Africa,North Africa,developing,1985,Industry,Other (industry),CH4,28,27.0,269.92414,7557.87592,7287.95178
MAR,Morocco,Africa,Africa,North Africa,developing,1985,Industry,Other (industry),N2O,265,273.0,52.63189,13947.45085,14368.50597
MAR,Morocco,Africa,Africa,North Africa,developing,1985,Industry,Other (industry),HFC-125,3170,3740.0,0.0,0.0,0.0
MAR,Morocco,Africa,Africa,North Africa,developing,1985,Industry,Other (industry),HFC-134a,1300,1530.0,0.0,0.0,0.0
MAR,Morocco,Africa,Africa,North Africa,developing,1985,Industry,Other (industry),HFC-143a,4800,5810.0,0.0,0.0,0.0
MAR,Morocco,Africa,Africa,North Africa,developing,1985,Industry,Other (industry),HFC-245fa,858,962.0,0.0,0.0,0.0
MAR,Morocco,Africa,Africa,North Africa,developing,1985,Industry,Other (industry),HFC-32,677,771.0,0.0,0.0,0.0
MAR,Morocco,Africa,Africa,North Africa,developing,1985,Industry,Other (industry),HFC-365mfc,804,914.0,0.0,0.0,0.0
MAR,Morocco,Africa,Africa,North Africa,developing,1985,Industry,Waste,CH4,28,27.0,293620.8392,8221383.497599999,7927762.6584
MAR,Morocco,Africa,Africa,North Africa,developing,1985,Industry,Waste,N2O,265,273.0,1032.191,273530.615,281788.143
MAR,Morocco,Africa,Africa,North Africa,developing,1985,Transport,Inland Shipping,CO2,1,1.0,184403.0,184403.0,184403.0
MAR,Morocco,Africa,Africa,North Africa,developing,1985,Transport,Inland Shipping,CH4,28,27.0,17.437,488.2360000000001,470.799
MAR,Morocco,Africa,Africa,North Africa,developing,1985,Transport,Inland Shipping,N2O,265,273.0,4.982,1320.23,1360.086
MAR,Morocco,Africa,Africa,North Africa,developing,1985,Transport,Other (transport),CO2,1,1.0,1033180.0,1033180.0,1033180.0
MAR,Morocco,Africa,Africa,North Africa,developing,1985,Transport,Other (transport),CH4,28,27.0,57.8635,1620.178,1562.3145
MAR,Morocco,Africa,Africa,North Africa,developing,1985,Transport,Other (transport),N2O,265,273.0,398.77,105674.05,108864.21
MAR,Morocco,Africa,Africa,North Africa,developing,1985,Transport,Rail ,CO2,1,1.0,73803.6,73803.6,73803.6
MAR,Morocco,Africa,Africa,North Africa,developing,1985,Transport,Rail ,CH4,28,27.0,4.1334,115.7352,111.6018
MAR,Morocco,Africa,Africa,North Africa,developing,1985,Transport,Rail ,N2O,265,273.0,28.4856,7548.684,7776.5688
MAR,Morocco,Africa,Africa,North Africa,developing,1985,Transport,Road,CO2,1,1.0,2348345.5,2348345.5,2348345.5
MAR,Morocco,Africa,Africa,North Africa,developing,1985,Transport,Road,CH4,28,27.0,413.337866,11573.460248,11160.122382
MAR,Morocco,Africa,Africa,North Africa,developing,1985,Transport,Road,N2O,265,273.0,44.5151925,11796.5260125,12152.6475525
MAR,Morocco,Africa,Africa,North Africa,developing,1986,AFOLU,"Biomass burning (CH4, N2O)",CH4,28,27.0,298.56128607,8359.71600996,8061.15472389
MAR,Morocco,Africa,Africa,North Africa,developing,1986,AFOLU,"Biomass burning (CH4, N2O)",N2O,265,273.0,7.7404752166,2051.225932399,2113.1497341318
MAR,Morocco,Africa,Africa,North Africa,developing,1986,AFOLU,Enteric Fermentation (CH4),CH4,28,27.0,231055.65,6469558.2,6238502.55
MAR,Morocco,Africa,Africa,North Africa,developing,1986,AFOLU,"Managed soils and pasture (CO2, N2O)",CO2,1,1.0,208937.4,208937.4,208937.4
MAR,Morocco,Africa,Africa,North Africa,developing,1986,AFOLU,"Managed soils and pasture (CO2, N2O)",N2O,265,273.0,10924.39820272,2894965.5237208,2982360.70934256
MAR,Morocco,Africa,Africa,North Africa,developing,1986,AFOLU,"Manure management (N2O, CH4)",CH4,28,27.0,8009.7981,224274.3468,216264.5487
MAR,Morocco,Africa,Africa,North Africa,developing,1986,AFOLU,"Manure management (N2O, CH4)",N2O,265,273.0,104.44946625,27679.10855625,28514.70428625
MAR,Morocco,Africa,Africa,North Africa,developing,1986,AFOLU,Rice cultivation (CH4),CH4,28,27.0,743.387,20814.836,20071.449
MAR,Morocco,Africa,Africa,North Africa,developing,1986,AFOLU,Synthetic fertilizer application (N2O),N2O,265,273.0,2201.532,583405.9800000001,601018.236
MAR,Morocco,Africa,Africa,North Africa,developing,1986,Buildings,Non-CO2 (all buildings),HFC-152a,138,164.0,0.0,0.0,0.0
MAR,Morocco,Africa,Africa,North Africa,developing,1986,Buildings,Non-CO2 (all buildings),HFC-227ea,3350,3600.0,0.0,0.0,0.0
MAR,Morocco,Africa,Africa,North Africa,developing,1986,Buildings,Non-residential,CH4,28,27.0,5703.5,159698.0,153994.5
MAR,Morocco,Africa,Africa,North Africa,developing,1986,Buildings,Non-residential,N2O,265,273.0,75.995,20138.675000000003,20746.635
MAR,Morocco,Africa,Africa,North Africa,developing,1986,Buildings,Residential,CO2,1,1.0,1614137.0,1614137.0,1614137.0
MAR,Morocco,Africa,Africa,North Africa,developing,1986,Buildings,Residential,CH4,28,27.0,5587.6151,156453.2228,150865.6077
MAR,Morocco,Africa,Africa,North Africa,developing,1986,Buildings,Residential,N2O,265,273.0,78.8416,20893.024,21523.7568
MAR,Morocco,Africa,Africa,North Africa,developing,1986,Energy systems,Coal mining fugitive emissions,CO2,1,1.0,6802.22,6802.22,6802.22
MAR,Morocco,Africa,Africa,North Africa,developing,1986,Energy systems,Coal mining fugitive emissions,CH4,30,29.8,10720.9,321627.0,319482.82
MAR,Morocco,Africa,Africa,North Africa,developing,1986,Energy systems,Electricity & heat,CO2,1,1.0,6459843.75,6459843.75,6459843.75
MAR,Morocco,Africa,Africa,North Africa,developing,1986,Energy systems,Electricity & heat,CH4,28,27.0,77.3467195,2165.708146,2088.3614265
MAR,Morocco,Africa,Africa,North Africa,developing,1986,Energy systems,Electricity & heat,N2O,265,273.0,51.9501719,13766.7955535,14182.3969287
MAR,Morocco,Africa,Africa,North Africa,developing,1986,Energy systems,Oil and gas fugitive emissions,CO2,1,1.0,58.863343,58.863343,58.863343
MAR,Morocco,Africa,Africa,North Africa,developing,1986,Energy systems,Oil and gas fugitive emissions,CH4,30,29.8,3863.42822,115902.8466,115130.160956
MAR,Morocco,Africa,Africa,North Africa,developing,1986,Energy systems,Oil and gas fugitive emissions,N2O,265,273.0,0.00174936,0.4635804,0.47757528
MAR,Morocco,Africa,Africa,North Africa,developing,1986,Energy systems,Other (energy systems),CO2,1,1.0,37367.0,37367.0,37367.0
MAR,Morocco,Africa,Africa,North Africa,developing,1986,Energy systems,Other (energy systems),CH4,28,27.0,1091.975,30575.3,29483.325
MAR,Morocco,Africa,Africa,North Africa,developing,1986,Energy systems,Other (energy systems),N2O,265,273.0,447.69534,118639.2651,122220.82782
MAR,Morocco,Africa,Africa,North Africa,developing,1986,Energy systems,Petroleum refining,CO2,1,1.0,265997.0,265997.0,265997.0
MAR,Morocco,Africa,Africa,North Africa,developing,1986,Energy systems,Petroleum refining,CH4,28,27.0,4.618,129.304,124.686
MAR,Morocco,Africa,Africa,North Africa,developing,1986,Energy systems,Petroleum refining,N2O,265,273.0,0.4618,122.377,126.0714
MAR,Morocco,Africa,Africa,North Africa,developing,1986,Industry,Cement,CO2,1,1.0,1639820.0,1639820.0,1639820.0
MAR,Morocco,Africa,Africa,North Africa,developing,1986,Industry,Chemicals,CO2,1,1.0,109202.58,109202.58,109202.58
MAR,Morocco,Africa,Africa,North Africa,developing,1986,Industry,Chemicals,N2O,265,273.0,75.84844,20099.8366,20706.62412
MAR,Morocco,Africa,Africa,North Africa,developing,1986,Industry,Metals,CO2,1,1.0,102993.2,102993.2,102993.2
MAR,Morocco,Africa,Africa,North Africa,developing,1986,Industry,Metals,CH4,28,27.0,1.628,45.584,43.956
MAR,Morocco,Africa,Africa,North Africa,developing,1986,Industry,Metals,N2O,265,273.0,0.2333,61.8245,63.6909
MAR,Morocco,Africa,Africa,North Africa,developing,1986,Industry,Other (industry),CO2,1,1.0,4467469.1,4467469.1,4467469.1
MAR,Morocco,Africa,Africa,North Africa,developing,1986,Industry,Other (industry),CH4,28,27.0,254.82314,7135.04792,6880.22478
MAR,Morocco,Africa,Africa,North Africa,developing,1986,Industry,Other (industry),N2O,265,273.0,50.01597,13254.23205,13654.35981
MAR,Morocco,Africa,Africa,North Africa,developing,1986,Industry,Other (industry),HFC-125,3170,3740.0,0.0,0.0,0.0
MAR,Morocco,Africa,Africa,North Africa,developing,1986,Industry,Other (industry),HFC-134a,1300,1530.0,0.0,0.0,0.0
MAR,Morocco,Africa,Africa,North Africa,developing,1986,Industry,Other (industry),HFC-143a,4800,5810.0,0.0,0.0,0.0
MAR,Morocco,Africa,Africa,North Africa,developing,1986,Industry,Other (industry),HFC-245fa,858,962.0,0.0,0.0,0.0
MAR,Morocco,Africa,Africa,North Africa,developing,1986,Industry,Other (industry),HFC-32,677,771.0,0.0,0.0,0.0
MAR,Morocco,Africa,Africa,North Africa,developing,1986,Industry,Other (industry),HFC-365mfc,804,914.0,0.0,0.0,0.0
MAR,Morocco,Africa,Africa,North Africa,developing,1986,Industry,Waste,CH4,28,27.0,304411.1566,8523512.3848,8219101.2282
MAR,Morocco,Africa,Africa,North Africa,developing,1986,Industry,Waste,N2O,265,273.0,1112.04,294690.6,303586.92
MAR,Morocco,Africa,Africa,North Africa,developing,1986,Transport,Inland Shipping,CO2,1,1.0,219748.0,219748.0,219748.0
MAR,Morocco,Africa,Africa,North Africa,developing,1986,Transport,Inland Shipping,CH4,28,27.0,20.776,581.728,560.952
MAR,Morocco,Africa,Africa,North Africa,developing,1986,Transport,Inland Shipping,N2O,265,273.0,5.936,1573.04,1620.528
MAR,Morocco,Africa,Africa,North Africa,developing,1986,Transport,Other (transport),CO2,1,1.0,1084450.0,1084450.0,1084450.0
MAR,Morocco,Africa,Africa,North Africa,developing,1986,Transport,Other (transport),CH4,28,27.0,60.7353,1700.5884,1639.8531
MAR,Morocco,Africa,Africa,North Africa,developing,1986,Transport,Other (transport),N2O,265,273.0,418.561,110918.665,114267.153
MAR,Morocco,Africa,Africa,North Africa,developing,1986,Transport,Rail ,CO2,1,1.0,76989.9,76989.9,76989.9
MAR,Morocco,Africa,Africa,North Africa,developing,1986,Transport,Rail ,CH4,28,27.0,4.31185,120.7318,116.41995
MAR,Morocco,Africa,Africa,North Africa,developing,1986,Transport,Rail ,N2O,265,273.0,29.7154,7874.581,8112.3042
MAR,Morocco,Africa,Africa,North Africa,developing,1986,Transport,Road,CO2,1,1.0,2462414.36,2462414.36,2462414.36
MAR,Morocco,Africa,Africa,North Africa,developing,1986,Transport,Road,CH4,28,27.0,432.287912,12104.061536,11671.773624
MAR,Morocco,Africa,Africa,North Africa,developing,1986,Transport,Road,N2O,265,273.0,47.1404355,12492.2154075,12869.3388915
MAR,Morocco,Africa,Africa,North Africa,developing,1987,AFOLU,"Biomass burning (CH4, N2O)",CH4,28,27.0,210.13170444,5883.68772432,5673.556019879999
MAR,Morocco,Africa,Africa,North Africa,developing,1987,AFOLU,"Biomass burning (CH4, N2O)",N2O,265,273.0,5.4478646851,1443.6841415515,1487.2670590323
MAR,Morocco,Africa,Africa,North Africa,developing,1987,AFOLU,Enteric Fermentation (CH4),CH4,28,27.0,255557.82,7155618.96,6900061.140000001
MAR,Morocco,Africa,Africa,North Africa,developing,1987,AFOLU,"Managed soils and pasture (CO2, N2O)",CO2,1,1.0,198251.6,198251.6,198251.6
MAR,Morocco,Africa,Africa,North Africa,developing,1987,AFOLU,"Managed soils and pasture (CO2, N2O)",N2O,265,273.0,11628.3872433,3081522.6194745,3174549.7174209
MAR,Morocco,Africa,Africa,North Africa,developing,1987,AFOLU,"Manure management (N2O, CH4)",CH4,28,27.0,9025.4743,252713.2804,243687.8061
MAR,Morocco,Africa,Africa,North Africa,developing,1987,AFOLU,"Manure management (N2O, CH4)",N2O,265,273.0,120.31767323,31884.18340595,32846.72479179
MAR,Morocco,Africa,Africa,North Africa,developing,1987,AFOLU,Rice cultivation (CH4),CH4,28,27.0,1446.137,40491.836,39045.699
MAR,Morocco,Africa,Africa,North Africa,developing,1987,AFOLU,Synthetic fertilizer application (N2O),N2O,265,273.0,2088.389,553423.0850000001,570130.197
MAR,Morocco,Africa,Africa,North Africa,developing,1987,Buildings,Non-CO2 (all buildings),HFC-152a,138,164.0,0.0,0.0,0.0
MAR,Morocco,Africa,Africa,North Africa,developing,1987,Buildings,Non-CO2 (all buildings),HFC-227ea,3350,3600.0,0.0,0.0,0.0
MAR,Morocco,Africa,Africa,North Africa,developing,1987,Buildings,Non-residential,CH4,28,27.0,5820.8,162982.4,157161.6
MAR,Morocco,Africa,Africa,North Africa,developing,1987,Buildings,Non-residential,N2O,265,273.0,77.559,20553.135,21173.607
MAR,Morocco,Africa,Africa,North Africa,developing,1987,Buildings,Residential,CO2,1,1.0,1755652.0,1755652.0,1755652.0
MAR,Morocco,Africa,Africa,North Africa,developing,1987,Buildings,Residential,CH4,28,27.0,5713.4351,159976.18279999998,154262.74769999998
MAR,Morocco,Africa,Africa,North Africa,developing,1987,Buildings,Residential,N2O,265,273.0,80.744,21397.16,22043.112
MAR,Morocco,Africa,Africa,North Africa,developing,1987,Energy systems,Coal mining fugitive emissions,CO2,1,1.0,5564.64,5564.64,5564.64
MAR,Morocco,Africa,Africa,North Africa,developing,1987,Energy systems,Coal mining fugitive emissions,CH4,30,29.8,8770.35,263110.5,261356.43
MAR,Morocco,Africa,Africa,North Africa,developing,1987,Energy systems,Electricity & heat,CO2,1,1.0,7156274.205,7156274.205,7156274.205
MAR,Morocco,Africa,Africa,North Africa,developing,1987,Energy systems,Electricity & heat,CH4,28,27.0,81.05724,2269.60272,2188.54548
MAR,Morocco,Africa,Africa,North Africa,developing,1987,Energy systems,Electricity & heat,N2O,265,273.0,62.0594552,16445.755628,16942.2312696
MAR,Morocco,Africa,Africa,North Africa,developing,1987,Energy systems,Oil and gas fugitive emissions,CO2,1,1.0,45.14644,45.14644,45.14644
MAR,Morocco,Africa,Africa,North Africa,developing,1987,Energy systems,Oil and gas fugitive emissions,CH4,30,29.8,3553.24926,106597.4778,105886.827948
MAR,Morocco,Africa,Africa,North Africa,developing,1987,Energy systems,Oil and gas fugitive emissions,N2O,265,273.0,0.00131296,0.3479344,0.35843808
MAR,Morocco,Africa,Africa,North Africa,developing,1987,Energy systems,Other (energy systems),CO2,1,1.0,30366.6,30366.6,30366.6
MAR,Morocco,Africa,Africa,North Africa,developing,1987,Energy systems,Other (energy systems),CH4,28,27.0,1180.621,33057.388000000006,31876.767000000003
MAR,Morocco,Africa,Africa,North Africa,developing,1987,Energy systems,Other (energy systems),N2O,265,273.0,468.0788,124040.882,127785.5124
MAR,Morocco,Africa,Africa,North Africa,developing,1987,Energy systems,Petroleum refining,CO2,1,1.0,265997.0,265997.0,265997.0
MAR,Morocco,Africa,Africa,North Africa,developing,1987,Energy systems,Petroleum refining,CH4,28,27.0,4.618,129.304,124.686
MAR,Morocco,Africa,Africa,North Africa,developing,1987,Energy systems,Petroleum refining,N2O,265,273.0,0.4618,122.377,126.0714
MAR,Morocco,Africa,Africa,North Africa,developing,1987,Industry,Cement,CO2,1,1.0,1699440.0,1699440.0,1699440.0
MAR,Morocco,Africa,Africa,North Africa,developing,1987,Industry,Chemicals,CO2,1,1.0,112347.3,112347.3,112347.3
MAR,Morocco,Africa,Africa,North Africa,developing,1987,Industry,Chemicals,N2O,265,273.0,77.40962,20513.5493,21132.82626
MAR,Morocco,Africa,Africa,North Africa,developing,1987,Industry,Metals,CO2,1,1.0,108849.3,108849.3,108849.3
MAR,Morocco,Africa,Africa,North Africa,developing,1987,Industry,Metals,CH4,28,27.0,1.628,45.584,43.956
MAR,Morocco,Africa,Africa,North Africa,developing,1987,Industry,Metals,N2O,265,273.0,0.2333,61.8245,63.6909
MAR,Morocco,Africa,Africa,North Africa,developing,1987,Industry,Other (industry),CO2,1,1.0,3901764.7,3901764.7,3901764.7
MAR,Morocco,Africa,Africa,North Africa,developing,1987,Industry,Other (industry),CH4,28,27.0,225.02214,6300.61992,6075.59778
MAR,Morocco,Africa,Africa,North Africa,developing,1987,Industry,Other (industry),N2O,265,273.0,45.3506,12017.909,12380.7138
MAR,Morocco,Africa,Africa,North Africa,developing,1987,Industry,Other (industry),HFC-125,3170,3740.0,0.0,0.0,0.0
MAR,Morocco,Africa,Africa,North Africa,developing,1987,Industry,Other (industry),HFC-134a,1300,1530.0,0.0,0.0,0.0
MAR,Morocco,Africa,Africa,North Africa,developing,1987,Industry,Other (industry),HFC-143a,4800,5810.0,0.0,0.0,0.0
MAR,Morocco,Africa,Africa,North Africa,developing,1987,Industry,Other (industry),HFC-245fa,858,962.0,0.0,0.0,0.0
MAR,Morocco,Africa,Africa,North Africa,developing,1987,Industry,Other (industry),HFC-32,677,771.0,0.0,0.0,0.0
MAR,Morocco,Africa,Africa,North Africa,developing,1987,Industry,Other (industry),HFC-365mfc,804,914.0,0.0,0.0,0.0
MAR,Morocco,Africa,Africa,North Africa,developing,1987,Industry,Waste,CH4,28,27.0,315264.2395,8827398.706,8512134.466500001
MAR,Morocco,Africa,Africa,North Africa,developing,1987,Industry,Waste,N2O,265,273.0,1151.27,305086.55,314296.71
MAR,Morocco,Africa,Africa,North Africa,developing,1987,Transport,Inland Shipping,CO2,1,1.0,297429.8,297429.8,297429.8
MAR,Morocco,Africa,Africa,North Africa,developing,1987,Transport,Inland Shipping,CH4,28,27.0,27.972,783.216,755.244
MAR,Morocco,Africa,Africa,North Africa,developing,1987,Transport,Inland Shipping,N2O,265,273.0,7.992,2117.88,2181.816
MAR,Morocco,Africa,Africa,North Africa,developing,1987,Transport,Other (transport),CO2,1,1.0,1084450.0,1084450.0,1084450.0
MAR,Morocco,Africa,Africa,North Africa,developing,1987,Transport,Other (transport),CH4,28,27.0,60.7353,1700.5884,1639.8531
MAR,Morocco,Africa,Africa,North Africa,developing,1987,Transport,Other (transport),N2O,265,273.0,418.561,110918.665,114267.153
MAR,Morocco,Africa,Africa,North Africa,developing,1987,Transport,Rail ,CO2,1,1.0,76989.9,76989.9,76989.9
MAR,Morocco,Africa,Africa,North Africa,developing,1987,Transport,Rail ,CH4,28,27.0,4.31185,120.7318,116.41995
MAR,Morocco,Africa,Africa,North Africa,developing,1987,Transport,Rail ,N2O,265,273.0,29.7154,7874.581,8112.3042
MAR,Morocco,Africa,Africa,North Africa,developing,1987,Transport,Road,CO2,1,1.0,2521386.69,2521386.69,2521386.69
MAR,Morocco,Africa,Africa,North Africa,developing,1987,Transport,Road,CH4,28,27.0,453.515711,12698.439908,12244.924197
MAR,Morocco,Africa,Africa,North Africa,developing,1987,Transport,Road,N2O,265,273.0,49.9034996,13224.427394,13623.6553908
MAR,Morocco,Africa,Africa,North Africa,developing,1988,AFOLU,"Biomass burning (CH4, N2O)",CH4,28,27.0,307.60358604,8612.90040912,8305.29682308
MAR,Morocco,Africa,Africa,North Africa,developing,1988,AFOLU,"Biomass burning (CH4, N2O)",N2O,265,273.0,7.9749074791,2113.3504819615,2177.1497417943
MAR,Morocco,Africa,Africa,North Africa,developing,1988,AFOLU,Enteric Fermentation (CH4),CH4,28,27.0,233951.06,6550629.68,6316678.62
MAR,Morocco,Africa,Africa,North Africa,developing,1988,AFOLU,"Managed soils and pasture (CO2, N2O)",CO2,1,1.0,257494.3,257494.3,257494.3
MAR,Morocco,Africa,Africa,North Africa,developing,1988,AFOLU,"Managed soils and pasture (CO2, N2O)",N2O,265,273.0,11272.37099902,2987178.3147403,3077357.28273246
MAR,Morocco,Africa,Africa,North Africa,developing,1988,AFOLU,"Manure management (N2O, CH4)",CH4,28,27.0,8440.1661,236324.6508,227884.4847
MAR,Morocco,Africa,Africa,North Africa,developing,1988,AFOLU,"Manure management (N2O, CH4)",N2O,265,273.0,121.6086818,32226.300677,33199.1701314
MAR,Morocco,Africa,Africa,North Africa,developing,1988,AFOLU,Rice cultivation (CH4),CH4,28,27.0,1198.33,33553.24,32354.91
MAR,Morocco,Africa,Africa,North Africa,developing,1988,AFOLU,Synthetic fertilizer application (N2O),N2O,265,273.0,2496.954,661692.81,681668.442
MAR,Morocco,Africa,Africa,North Africa,developing,1988,Buildings,Non-CO2 (all buildings),HFC-152a,138,164.0,0.0,0.0,0.0
MAR,Morocco,Africa,Africa,North Africa,developing,1988,Buildings,Non-CO2 (all buildings),HFC-227ea,3350,3600.0,0.0,0.0,0.0
MAR,Morocco,Africa,Africa,North Africa,developing,1988,Buildings,Non-residential,CH4,28,27.0,5936.0,166208.0,160272.0
MAR,Morocco,Africa,Africa,North Africa,developing,1988,Buildings,Non-residential,N2O,265,273.0,79.095,20960.175,21592.935
MAR,Morocco,Africa,Africa,North Africa,developing,1988,Buildings,Residential,CO2,1,1.0,1839670.0,1839670.0,1839670.0
MAR,Morocco,Africa,Africa,North Africa,developing,1988,Buildings,Residential,CH4,28,27.0,5830.928,163265.984,157435.05599999998
MAR,Morocco,Africa,Africa,North Africa,developing,1988,Buildings,Residential,N2O,265,273.0,82.0751,21749.9015,22406.5023
MAR,Morocco,Africa,Africa,North Africa,developing,1988,Energy systems,Coal mining fugitive emissions,CO2,1,1.0,5582.23,5582.23,5582.23
MAR,Morocco,Africa,Africa,North Africa,developing,1988,Energy systems,Coal mining fugitive emissions,CH4,30,29.8,8798.08,263942.4,262182.784
MAR,Morocco,Africa,Africa,North Africa,developing,1988,Energy systems,Electricity & heat,CO2,1,1.0,7446843.0,7446843.0,7446843.0
MAR,Morocco,Africa,Africa,North Africa,developing,1988,Energy systems,Electricity & heat,CH4,28,27.0,85.72577,2400.32156,2314.59579
MAR,Morocco,Africa,Africa,North Africa,developing,1988,Energy systems,Electricity & heat,N2O,265,273.0,62.219794,16488.24541,16986.003762
MAR,Morocco,Africa,Africa,North Africa,developing,1988,Energy systems,Oil and gas fugitive emissions,CO2,1,1.0,49.9222,49.9222,49.9222
MAR,Morocco,Africa,Africa,North Africa,developing,1988,Energy systems,Oil and gas fugitive emissions,CH4,30,29.8,3575.50992,107265.2976,106550.195616
MAR,Morocco,Africa,Africa,North Africa,developing,1988,Energy systems,Oil and gas fugitive emissions,N2O,265,273.0,0.00145905,0.3866482499999999,0.39832065
MAR,Morocco,Africa,Africa,North Africa,developing,1988,Energy systems,Other (energy systems),CO2,1,1.0,16365.8,16365.8,16365.8
MAR,Morocco,Africa,Africa,North Africa,developing,1988,Energy systems,Other (energy systems),CH4,28,27.0,1169.373,32742.444000000003,31573.071
MAR,Morocco,Africa,Africa,North Africa,developing,1988,Energy systems,Other (energy systems),N2O,265,273.0,466.1628,123533.142,127262.4444
MAR,Morocco,Africa,Africa,North Africa,developing,1988,Energy systems,Petroleum refining,CO2,1,1.0,265997.0,265997.0,265997.0
MAR,Morocco,Africa,Africa,North Africa,developing,1988,Energy systems,Petroleum refining,CH4,28,27.0,4.618,129.304,124.686
MAR,Morocco,Africa,Africa,North Africa,developing,1988,Energy systems,Petroleum refining,N2O,265,273.0,0.4618,122.377,126.0714
MAR,Morocco,Africa,Africa,North Africa,developing,1988,Industry,Cement,CO2,1,1.0,1853100.0,1853100.0,1853100.0
MAR,Morocco,Africa,Africa,North Africa,developing,1988,Industry,Chemicals,CO2,1,1.0,115442.89,115442.89,115442.89
MAR,Morocco,Africa,Africa,North Africa,developing,1988,Industry,Chemicals,N2O,265,273.0,78.9382,20918.623,21550.1286
MAR,Morocco,Africa,Africa,North Africa,developing,1988,Industry,Metals,CO2,1,1.0,112007.4,112007.4,112007.4
MAR,Morocco,Africa,Africa,North Africa,developing,1988,Industry,Metals,CH4,28,27.0,1.628,45.584,43.956
MAR,Morocco,Africa,Africa,North Africa,developing,1988,Industry,Metals,N2O,265,273.0,0.2333,61.8245,63.6909
MAR,Morocco,Africa,Africa,North Africa,developing,1988,Industry,Other (industry),CO2,1,1.0,4739304.9,4739304.9,4739304.9
MAR,Morocco,Africa,Africa,North Africa,developing,1988,Industry,Other (industry),CH4,28,27.0,259.89914,7277.17592,7017.27678
MAR,Morocco,Africa,Africa,North Africa,developing,1988,Industry,Other (industry),N2O,265,273.0,56.229243,14900.749395,15350.583339
MAR,Morocco,Africa,Africa,North Africa,developing,1988,Industry,Other (industry),HFC-125,3170,3740.0,0.0,0.0,0.0
MAR,Morocco,Africa,Africa,North Africa,developing,1988,Industry,Other (industry),HFC-134a,1300,1530.0,0.0,0.0,0.0
MAR,Morocco,Africa,Africa,North Africa,developing,1988,Industry,Other (industry),HFC-143a,4800,5810.0,0.0,0.0,0.0
MAR,Morocco,Africa,Africa,North Africa,developing,1988,Industry,Other (industry),HFC-245fa,858,962.0,0.0,0.0,0.0
MAR,Morocco,Africa,Africa,North Africa,developing,1988,Industry,Other (industry),HFC-32,677,771.0,0.0,0.0,0.0
MAR,Morocco,Africa,Africa,North Africa,developing,1988,Industry,Other (industry),HFC-365mfc,804,914.0,0.0,0.0,0.0
MAR,Morocco,Africa,Africa,North Africa,developing,1988,Industry,Waste,CH4,28,27.0,327930.824,9182063.072,8854132.248
MAR,Morocco,Africa,Africa,North Africa,developing,1988,Industry,Waste,N2O,265,273.0,1219.502,323168.03,332924.046
MAR,Morocco,Africa,Africa,North Africa,developing,1988,Transport,Inland Shipping,CO2,1,1.0,31114.8,31114.8,31114.8
MAR,Morocco,Africa,Africa,North Africa,developing,1988,Transport,Inland Shipping,CH4,28,27.0,2.814,78.792,75.97800000000001
MAR,Morocco,Africa,Africa,North Africa,developing,1988,Transport,Inland Shipping,N2O,265,273.0,0.804,213.06,219.492
MAR,Morocco,Africa,Africa,North Africa,developing,1988,Transport,Other (transport),CO2,1,1.0,555083.0,555083.0,555083.0
MAR,Morocco,Africa,Africa,North Africa,developing,1988,Transport,Other (transport),CH4,28,27.0,31.0877,870.4556,839.3679000000001
MAR,Morocco,Africa,Africa,North Africa,developing,1988,Transport,Other (transport),N2O,265,273.0,214.243,56774.395,58488.339
MAR,Morocco,Africa,Africa,North Africa,developing,1988,Transport,Road,CO2,1,1.0,3000653.96,3000653.96,3000653.96
MAR,Morocco,Africa,Africa,North Africa,developing,1988,Transport,Road,CH4,28,27.0,494.43858,13844.28024,13349.84166
MAR,Morocco,Africa,Africa,North Africa,developing,1988,Transport,Road,N2O,265,273.0,55.6200157,14739.304160500002,15184.2642861
MAR,Morocco,Africa,Africa,North Africa,developing,1989,AFOLU,"Biomass burning (CH4, N2O)",CH4,28,27.0,295.84338454,8283.61476712,7987.77138258
MAR,Morocco,Africa,Africa,North Africa,developing,1989,AFOLU,"Biomass burning (CH4, N2O)",N2O,265,273.0,7.6700169811,2032.5544999915,2093.9146358403
MAR,Morocco,Africa,Africa,North Africa,developing,1989,AFOLU,Enteric Fermentation (CH4),CH4,28,27.0,247657.48,6934409.44,6686751.96
MAR,Morocco,Africa,Africa,North Africa,developing,1989,AFOLU,"Managed soils and pasture (CO2, N2O)",CO2,1,1.0,233702.8,233702.8,233702.8
MAR,Morocco,Africa,Africa,North Africa,developing,1989,AFOLU,"Managed soils and pasture (CO2, N2O)",N2O,265,273.0,11631.61487906,3082377.9429509,3175430.86198338
MAR,Morocco,Africa,Africa,North Africa,developing,1989,AFOLU,"Manure management (N2O, CH4)",CH4,28,27.0,8856.5984,247984.7552,239128.15680000003
MAR,Morocco,Africa,Africa,North Africa,developing,1989,AFOLU,"Manure management (N2O, CH4)",N2O,265,273.0,128.93983799,34169.05706735,35200.57577127
MAR,Morocco,Africa,Africa,North Africa,developing,1989,AFOLU,Rice cultivation (CH4),CH4,28,27.0,109.9471,3078.5188000000003,2968.5717
MAR,Morocco,Africa,Africa,North Africa,developing,1989,AFOLU,Synthetic fertilizer application (N2O),N2O,265,273.0,2264.387,600062.555,618177.6510000001
MAR,Morocco,Africa,Africa,North Africa,developing,1989,Buildings,Non-CO2 (all buildings),HFC-152a,138,164.0,0.0,0.0,0.0
MAR,Morocco,Africa,Africa,North Africa,developing,1989,Buildings,Non-CO2 (all buildings),HFC-227ea,3350,3600.0,0.0,0.0,0.0
MAR,Morocco,Africa,Africa,North Africa,developing,1989,Buildings,Non-residential,CH4,28,27.0,6050.0,169400.0,163350.0
MAR,Morocco,Africa,Africa,North Africa,developing,1989,Buildings,Non-residential,N2O,265,273.0,80.615,21362.975,22007.895
MAR,Morocco,Africa,Africa,North Africa,developing,1989,Buildings,Residential,CO2,1,1.0,1972388.0,1972388.0,1972388.0
MAR,Morocco,Africa,Africa,North Africa,developing,1989,Buildings,Residential,CH4,28,27.0,5952.8109,166678.70520000003,160725.8943
MAR,Morocco,Africa,Africa,North Africa,developing,1989,Buildings,Residential,N2O,265,273.0,83.6032,22154.848,22823.6736
MAR,Morocco,Africa,Africa,North Africa,developing,1989,Energy systems,Coal mining fugitive emissions,CO2,1,1.0,4423.63,4423.63,4423.63
MAR,Morocco,Africa,Africa,North Africa,developing,1989,Energy systems,Coal mining fugitive emissions,CH4,30,29.8,6972.03,209160.9,207766.494
MAR,Morocco,Africa,Africa,North Africa,developing,1989,Energy systems,Electricity & heat,CO2,1,1.0,7173387.3,7173387.3,7173387.3
MAR,Morocco,Africa,Africa,North Africa,developing,1989,Energy systems,Electricity & heat,CH4,28,27.0,88.1830845,2469.1263660000004,2380.9432815
MAR,Morocco,Africa,Africa,North Africa,developing,1989,Energy systems,Electricity & heat,N2O,265,273.0,56.6224685,15004.9541525,15457.933900499998
MAR,Morocco,Africa,Africa,North Africa,developing,1989,Energy systems,Oil and gas fugitive emissions,CO2,1,1.0,33.76098,33.76098,33.76098
MAR,Morocco,Africa,Africa,North Africa,developing,1989,Energy systems,Oil and gas fugitive emissions,CH4,30,29.8,3227.81142,96834.3426,96188.780316
MAR,Morocco,Africa,Africa,North Africa,developing,1989,Energy systems,Oil and gas fugitive emissions,N2O,265,273.0,0.000947728,0.25114792,0.258729744
MAR,Morocco,Africa,Africa,North Africa,developing,1989,Energy systems,Other (energy systems),CO2,1,1.0,18730.8,18730.8,18730.8
MAR,Morocco,Africa,Africa,North Africa,developing,1989,Energy systems,Other (energy systems),CH4,28,27.0,1158.298,32432.344,31274.046
MAR,Morocco,Africa,Africa,North Africa,developing,1989,Energy systems,Other (energy systems),N2O,265,273.0,503.0637,133311.8805,137336.3901
MAR,Morocco,Africa,Africa,North Africa,developing,1989,Energy systems,Petroleum refining,CO2,1,1.0,277056.0,277056.0,277056.0
MAR,Morocco,Africa,Africa,North Africa,developing,1989,Energy systems,Petroleum refining,CH4,28,27.0,4.81,134.67999999999998,129.86999999999998
MAR,Morocco,Africa,Africa,North Africa,developing,1989,Energy systems,Petroleum refining,N2O,265,273.0,0.481,127.465,131.313
MAR,Morocco,Africa,Africa,North Africa,developing,1989,Industry,Cement,CO2,1,1.0,1999840.0,1999840.0,1999840.0
MAR,Morocco,Africa,Africa,North Africa,developing,1989,Industry,Chemicals,CO2,1,1.0,118500.09,118500.09,118500.09
MAR,Morocco,Africa,Africa,North Africa,developing,1989,Industry,Chemicals,N2O,265,273.0,80.45161,21319.67665,21963.28953
MAR,Morocco,Africa,Africa,North Africa,developing,1989,Industry,Metals,CO2,1,1.0,109175.1,109175.1,109175.1
MAR,Morocco,Africa,Africa,North Africa,developing,1989,Industry,Metals,CH4,28,27.0,1.628,45.584,43.956
MAR,Morocco,Africa,Africa,North Africa,developing,1989,Industry,Metals,N2O,265,273.0,0.2333,61.8245,63.6909
MAR,Morocco,Africa,Africa,North Africa,developing,1989,Industry,Other (industry),CO2,1,1.0,5918925.1,5918925.1,5918925.1
MAR,Morocco,Africa,Africa,North Africa,developing,1989,Industry,Other (industry),CH4,28,27.0,354.67514,9930.90392,9576.22878
MAR,Morocco,Africa,Africa,North Africa,developing,1989,Industry,Other (industry),N2O,265,273.0,72.274093,19152.634645,19730.827389
MAR,Morocco,Africa,Africa,North Africa,developing,1989,Industry,Other (industry),HFC-125,3170,3740.0,0.0,0.0,0.0
MAR,Morocco,Africa,Africa,North Africa,developing,1989,Industry,Other (industry),HFC-134a,1300,1530.0,0.0,0.0,0.0
MAR,Morocco,Africa,Africa,North Africa,developing,1989,Industry,Other (industry),HFC-143a,4800,5810.0,0.0,0.0,0.0
MAR,Morocco,Africa,Africa,North Africa,developing,1989,Industry,Other (industry),HFC-245fa,858,962.0,0.0,0.0,0.0
MAR,Morocco,Africa,Africa,North Africa,developing,1989,Industry,Other (industry),HFC-32,677,771.0,0.0,0.0,0.0
MAR,Morocco,Africa,Africa,North Africa,developing,1989,Industry,Other (industry),HFC-365mfc,804,914.0,0.0,0.0,0.0
MAR,Morocco,Africa,Africa,North Africa,developing,1989,Industry,Waste,CH4,28,27.0,338915.7319,9489640.4932,9150724.7613
MAR,Morocco,Africa,Africa,North Africa,developing,1989,Industry,Waste,N2O,265,273.0,1215.101,322001.765,331722.57300000003
MAR,Morocco,Africa,Africa,North Africa,developing,1989,Transport,Inland Shipping,CO2,1,1.0,31114.8,31114.8,31114.8
MAR,Morocco,Africa,Africa,North Africa,developing,1989,Transport,Inland Shipping,CH4,28,27.0,2.814,78.792,75.97800000000001
MAR,Morocco,Africa,Africa,North Africa,developing,1989,Transport,Inland Shipping,N2O,265,273.0,0.804,213.06,219.492
MAR,Morocco,Africa,Africa,North Africa,developing,1989,Transport,Other (transport),CO2,1,1.0,567902.0,567902.0,567902.0
MAR,Morocco,Africa,Africa,North Africa,developing,1989,Transport,Other (transport),CH4,28,27.0,31.8056,890.5568,858.7511999999999
MAR,Morocco,Africa,Africa,North Africa,developing,1989,Transport,Other (transport),N2O,265,273.0,219.19,58085.35,59838.87
MAR,Morocco,Africa,Africa,North Africa,developing,1989,Transport,Road,CO2,1,1.0,3439591.5,3439591.5,3439591.5
MAR,Morocco,Africa,Africa,North Africa,developing,1989,Transport,Road,CH4,28,27.0,520.84496,14583.65888,14062.81392
MAR,Morocco,Africa,Africa,North Africa,developing,1989,Transport,Road,N2O,265,273.0,59.805715,15848.514475,16326.960195
MAR,Morocco,Africa,Africa,North Africa,developing,1990,AFOLU,"Biomass burning (CH4, N2O)",CH4,28,27.0,271.55092333,7603.42585324,7331.87492991
MAR,Morocco,Africa,Africa,North Africa,developing,1990,AFOLU,"Biomass burning (CH4, N2O)",N2O,265,273.0,7.0401952262,1865.651734943,1921.9732967526
MAR,Morocco,Africa,Africa,North Africa,developing,1990,AFOLU,Enteric Fermentation (CH4),CH4,28,27.0,246410.76,6899501.28,6653090.5200000005
MAR,Morocco,Africa,Africa,North Africa,developing,1990,AFOLU,"Managed soils and pasture (CO2, N2O)",CO2,1,1.0,267174.3,267174.3,267174.3
MAR,Morocco,Africa,Africa,North Africa,developing,1990,AFOLU,"Managed soils and pasture (CO2, N2O)",N2O,265,273.0,11665.6900473,3091407.8625345,3184733.3829129003
MAR,Morocco,Africa,Africa,North Africa,developing,1990,AFOLU,"Manure management (N2O, CH4)",CH4,28,27.0,9253.7072,259103.8016,249850.09440000003
MAR,Morocco,Africa,Africa,North Africa,developing,1990,AFOLU,"Manure management (N2O, CH4)",N2O,265,273.0,138.29249644,36647.5115566,37753.85152812
MAR,Morocco,Africa,Africa,North Africa,developing,1990,AFOLU,Rice cultivation (CH4),CH4,28,27.0,123.486,3457.608,3334.1220000000003
MAR,Morocco,Africa,Africa,North Africa,developing,1990,AFOLU,Synthetic fertilizer application (N2O),N2O,265,273.0,2577.096,682930.44,703547.208
MAR,Morocco,Africa,Africa,North Africa,developing,1990,Buildings,Non-CO2 (all buildings),HFC-152a,138,164.0,0.0631674,8.7171012,10.3594536
MAR,Morocco,Africa,Africa,North Africa,developing,1990,Buildings,Non-CO2 (all buildings),HFC-227ea,3350,3600.0,0.0,0.0,0.0
MAR,Morocco,Africa,Africa,North Africa,developing,1990,Buildings,Non-residential,CO2,1,1.0,62658.3,62658.3,62658.3
MAR,Morocco,Africa,Africa,North Africa,developing,1990,Buildings,Non-residential,CH4,28,27.0,6174.865,172896.22,166721.35499999998
MAR,Morocco,Africa,Africa,North Africa,developing,1990,Buildings,Non-residential,N2O,265,273.0,82.2613,21799.2445,22457.3349
MAR,Morocco,Africa,Africa,North Africa,developing,1990,Buildings,Residential,CO2,1,1.0,1690469.0,1690469.0,1690469.0
MAR,Morocco,Africa,Africa,North Africa,developing,1990,Buildings,Residential,CH4,28,27.0,6041.4288,169160.00639999998,163118.5776
MAR,Morocco,Africa,Africa,North Africa,developing,1990,Buildings,Residential,N2O,265,273.0,84.4876,22389.214,23065.1148
MAR,Morocco,Africa,Africa,North Africa,developing,1990,Energy systems,Coal mining fugitive emissions,CO2,1,1.0,4616.8,4616.8,4616.8
MAR,Morocco,Africa,Africa,North Africa,developing,1990,Energy systems,Coal mining fugitive emissions,CH4,30,29.8,7276.47,218294.1,216838.806
MAR,Morocco,Africa,Africa,North Africa,developing,1990,Energy systems,Electricity & heat,CO2,1,1.0,7647249.929,7647249.929,7647249.929
MAR,Morocco,Africa,Africa,North Africa,developing,1990,Energy systems,Electricity & heat,CH4,28,27.0,95.441922,2672.3738160000003,2576.9318940000003
MAR,Morocco,Africa,Africa,North Africa,developing,1990,Energy systems,Electricity & heat,N2O,265,273.0,64.068311,16978.102414999998,17490.648902999998
MAR,Morocco,Africa,Africa,North Africa,developing,1990,Energy systems,Oil and gas fugitive emissions,CO2,1,1.0,38.5644,38.5644,38.5644
MAR,Morocco,Africa,Africa,North Africa,developing,1990,Energy systems,Oil and gas fugitive emissions,CH4,30,29.8,3049.77938,91493.3814,90883.425524
MAR,Morocco,Africa,Africa,North Africa,developing,1990,Energy systems,Oil and gas fugitive emissions,N2O,265,273.0,0.00109382,0.2898622999999999,0.29861286
MAR,Morocco,Africa,Africa,North Africa,developing,1990,Energy systems,Other (energy systems),CO2,1,1.0,62658.3,62658.3,62658.3
MAR,Morocco,Africa,Africa,North Africa,developing,1990,Energy systems,Other (energy systems),CH4,28,27.0,1244.965,34859.02,33614.055
MAR,Morocco,Africa,Africa,North Africa,developing,1990,Energy systems,Other (energy systems),N2O,265,273.0,522.2258,138389.837,142567.6434
MAR,Morocco,Africa,Africa,North Africa,developing,1990,Energy systems,Petroleum refining,CO2,1,1.0,277056.0,277056.0,277056.0
MAR,Morocco,Africa,Africa,North Africa,developing,1990,Energy systems,Petroleum refining,CH4,28,27.0,4.81,134.67999999999998,129.86999999999998
MAR,Morocco,Africa,Africa,North Africa,developing,1990,Energy systems,Petroleum refining,N2O,265,273.0,0.481,127.465,131.313
MAR,Morocco,Africa,Africa,North Africa,developing,1990,Industry,Cement,CO2,1,1.0,2302640.0,2302640.0,2302640.0
MAR,Morocco,Africa,Africa,North Africa,developing,1990,Industry,Chemicals,CO2,1,1.0,121526.71,121526.71,121526.71
MAR,Morocco,Africa,Africa,North Africa,developing,1990,Industry,Chemicals,N2O,265,273.0,81.96009,21719.42385,22375.10457
MAR,Morocco,Africa,Africa,North Africa,developing,1990,Industry,Metals,CO2,1,1.0,109389.8,109389.8,109389.8
MAR,Morocco,Africa,Africa,North Africa,developing,1990,Industry,Metals,CH4,28,27.0,1.628,45.584,43.956
MAR,Morocco,Africa,Africa,North Africa,developing,1990,Industry,Metals,N2O,265,273.0,0.2333,61.8245,63.6909
MAR,Morocco,Africa,Africa,North Africa,developing,1990,Industry,Other (industry),CO2,1,1.0,5375984.5,5375984.5,5375984.5
MAR,Morocco,Africa,Africa,North Africa,developing,1990,Industry,Other (industry),CH4,28,27.0,301.92514,8453.90392,8151.97878
MAR,Morocco,Africa,Africa,North Africa,developing,1990,Industry,Other (industry),N2O,265,273.0,65.934636,17472.67854,18000.155628
MAR,Morocco,Africa,Africa,North Africa,developing,1990,Industry,Other (industry),HFC-125,3170,3740.0,0.0,0.0,0.0
MAR,Morocco,Africa,Africa,North Africa,developing,1990,Industry,Other (industry),HFC-134a,1300,1530.0,0.27902,362.726,426.9006
MAR,Morocco,Africa,Africa,North Africa,developing,1990,Industry,Other (industry),HFC-143a,4800,5810.0,0.0,0.0,0.0
MAR,Morocco,Africa,Africa,North Africa,developing,1990,Industry,Other (industry),HFC-245fa,858,962.0,0.0,0.0,0.0
MAR,Morocco,Africa,Africa,North Africa,developing,1990,Industry,Other (industry),HFC-32,677,771.0,0.0,0.0,0.0
MAR,Morocco,Africa,Africa,North Africa,developing,1990,Industry,Other (industry),HFC-365mfc,804,914.0,0.0,0.0,0.0
MAR,Morocco,Africa,Africa,North Africa,developing,1990,Industry,Waste,CH4,28,27.0,349542.0704,9787177.9712,9437635.9008
MAR,Morocco,Africa,Africa,North Africa,developing,1990,Industry,Waste,N2O,265,273.0,1322.787,350538.555,361120.851
MAR,Morocco,Africa,Africa,North Africa,developing,1990,Transport,Other (transport),CO2,1,1.0,638520.0,638520.0,638520.0
MAR,Morocco,Africa,Africa,North Africa,developing,1990,Transport,Other (transport),CH4,28,27.0,35.7606,1001.2967999999998,965.5362
MAR,Morocco,Africa,Africa,North Africa,developing,1990,Transport,Other (transport),N2O,265,273.0,246.446,65308.19,67279.758
MAR,Morocco,Africa,Africa,North Africa,developing,1990,Transport,Road,CO2,1,1.0,3894128.5,3894128.5,3894128.5
MAR,Morocco,Africa,Africa,North Africa,developing,1990,Transport,Road,CH4,28,27.0,552.843676,15479.622928,14926.779251999998
MAR,Morocco,Africa,Africa,North Africa,developing,1990,Transport,Road,N2O,265,273.0,64.5716104,17111.476756,17628.0496392
MAR,Morocco,Africa,Africa,North Africa,developing,1991,AFOLU,"Biomass burning (CH4, N2O)",CH4,28,27.0,336.05081939,9409.42294292,9073.37212353
MAR,Morocco,Africa,Africa,North Africa,developing,1991,AFOLU,"Biomass burning (CH4, N2O)",N2O,265,273.0,8.7124193595,2308.7911302675,2378.4904851435
MAR,Morocco,Africa,Africa,North Africa,developing,1991,AFOLU,Enteric Fermentation (CH4),CH4,28,27.0,235310.7,6588699.600000001,6353388.9
MAR,Morocco,Africa,Africa,North Africa,developing,1991,AFOLU,"Managed soils and pasture (CO2, N2O)",CO2,1,1.0,230622.8,230622.8,230622.8
MAR,Morocco,Africa,Africa,North Africa,developing,1991,AFOLU,"Managed soils and pasture (CO2, N2O)",N2O,265,273.0,11336.95175052,3004292.2138878,3094987.82789196
MAR,Morocco,Africa,Africa,North Africa,developing,1991,AFOLU,"Manure management (N2O, CH4)",CH4,28,27.0,8936.7621,250229.3388,241292.5767
MAR,Morocco,Africa,Africa,North Africa,developing,1991,AFOLU,"Manure management (N2O, CH4)",N2O,265,273.0,135.43855029,35891.21582685,36974.72422917
MAR,Morocco,Africa,Africa,North Africa,developing,1991,AFOLU,Rice cultivation (CH4),CH4,28,27.0,970.544,27175.232,26204.688
MAR,Morocco,Africa,Africa,North Africa,developing,1991,AFOLU,Synthetic fertilizer application (N2O),N2O,265,273.0,2209.388,585487.82,603162.924
MAR,Morocco,Africa,Africa,North Africa,developing,1991,Buildings,Non-CO2 (all buildings),HFC-152a,138,164.0,6.924975,955.64655,1135.6959
MAR,Morocco,Africa,Africa,North Africa,developing,1991,Buildings,Non-CO2 (all buildings),HFC-227ea,3350,3600.0,0.0,0.0,0.0
MAR,Morocco,Africa,Africa,North Africa,developing,1991,Buildings,Non-residential,CO2,1,1.0,77613.0,77613.0,77613.0
MAR,Morocco,Africa,Africa,North Africa,developing,1991,Buildings,Non-residential,CH4,28,27.0,6289.45,176104.6,169815.15
MAR,Morocco,Africa,Africa,North Africa,developing,1991,Buildings,Non-residential,N2O,265,273.0,83.797,22206.205,22876.581
MAR,Morocco,Africa,Africa,North Africa,developing,1991,Buildings,Residential,CO2,1,1.0,1972477.0,1972477.0,1972477.0
MAR,Morocco,Africa,Africa,North Africa,developing,1991,Buildings,Residential,CH4,28,27.0,6174.5417,172887.1676,166712.62589999998
MAR,Morocco,Africa,Africa,North Africa,developing,1991,Buildings,Residential,N2O,265,273.0,86.2443,22854.7395,23544.6939
MAR,Morocco,Africa,Africa,North Africa,developing,1991,Energy systems,Coal mining fugitive emissions,CO2,1,1.0,4836.16,4836.16,4836.16
MAR,Morocco,Africa,Africa,North Africa,developing,1991,Energy systems,Coal mining fugitive emissions,CH4,30,29.8,7622.21,228666.3,227141.858
MAR,Morocco,Africa,Africa,North Africa,developing,1991,Energy systems,Electricity & heat,CO2,1,1.0,7595545.56,7595545.56,7595545.56
MAR,Morocco,Africa,Africa,North Africa,developing,1991,Energy systems,Electricity & heat,CH4,28,27.0,102.420875,2867.7845,2765.363625
MAR,Morocco,Africa,Africa,North Africa,developing,1991,Energy systems,Electricity & heat,N2O,265,273.0,63.6794556,16875.055733999998,17384.491378799998
MAR,Morocco,Africa,Africa,North Africa,developing,1991,Energy systems,Oil and gas fugitive emissions,CO2,1,1.0,31.2002,31.2002,31.2002
MAR,Morocco,Africa,Africa,North Africa,developing,1991,Energy systems,Oil and gas fugitive emissions,CH4,30,29.8,2548.99446,76469.8338,75960.034908
MAR,Morocco,Africa,Africa,North Africa,developing,1991,Energy systems,Oil and gas fugitive emissions,N2O,265,273.0,0.000874682,0.23179073,0.238788186
MAR,Morocco,Africa,Africa,North Africa,developing,1991,Energy systems,Other (energy systems),CO2,1,1.0,77613.0,77613.0,77613.0
MAR,Morocco,Africa,Africa,North Africa,developing,1991,Energy systems,Other (energy systems),CH4,28,27.0,1342.25,37583.0,36240.75
MAR,Morocco,Africa,Africa,North Africa,developing,1991,Energy systems,Other (energy systems),N2O,265,273.0,558.7604,148071.506,152541.5892
MAR,Morocco,Africa,Africa,North Africa,developing,1991,Energy systems,Petroleum refining,CO2,1,1.0,249350.0,249350.0,249350.0
MAR,Morocco,Africa,Africa,North Africa,developing,1991,Energy systems,Petroleum refining,CH4,28,27.0,4.329,121.212,116.883
MAR,Morocco,Africa,Africa,North Africa,developing,1991,Energy systems,Petroleum refining,N2O,265,273.0,0.4329,114.7185,118.1817
MAR,Morocco,Africa,Africa,North Africa,developing,1991,Industry,Cement,CO2,1,1.0,2462280.0,2462280.0,2462280.0
MAR,Morocco,Africa,Africa,North Africa,developing,1991,Industry,Chemicals,CO2,1,1.0,124520.5,124520.5,124520.5
MAR,Morocco,Africa,Africa,North Africa,developing,1991,Industry,Chemicals,N2O,265,273.0,83.46824,22119.0836,22786.82952
MAR,Morocco,Africa,Africa,North Africa,developing,1991,Industry,Metals,CO2,1,1.0,112649.5,112649.5,112649.5
MAR,Morocco,Africa,Africa,North Africa,developing,1991,Industry,Metals,CH4,28,27.0,1.628,45.584,43.956
MAR,Morocco,Africa,Africa,North Africa,developing,1991,Industry,Metals,N2O,265,273.0,0.2333,61.8245,63.6909
MAR,Morocco,Africa,Africa,North Africa,developing,1991,Industry,Other (industry),CO2,1,1.0,5637390.0,5637390.0,5637390.0
MAR,Morocco,Africa,Africa,North Africa,developing,1991,Industry,Other (industry),CH4,28,27.0,422.3346,11825.3688,11403.0342
MAR,Morocco,Africa,Africa,North Africa,developing,1991,Industry,Other (industry),N2O,265,273.0,81.434262,21580.07943,22231.553526
MAR,Morocco,Africa,Africa,North Africa,developing,1991,Industry,Other (industry),HFC-125,3170,3740.0,0.0,0.0,0.0
MAR,Morocco,Africa,Africa,North Africa,developing,1991,Industry,Other (industry),HFC-134a,1300,1530.0,1.12513,1462.669,1721.4489
MAR,Morocco,Africa,Africa,North Africa,developing,1991,Industry,Other (industry),HFC-143a,4800,5810.0,0.0,0.0,0.0
MAR,Morocco,Africa,Africa,North Africa,developing,1991,Industry,Other (industry),HFC-245fa,858,962.0,0.0,0.0,0.0
MAR,Morocco,Africa,Africa,North Africa,developing,1991,Industry,Other (industry),HFC-32,677,771.0,0.0,0.0,0.0
MAR,Morocco,Africa,Africa,North Africa,developing,1991,Industry,Other (industry),HFC-365mfc,804,914.0,0.0,0.0,0.0
MAR,Morocco,Africa,Africa,North Africa,developing,1991,Industry,Waste,CH4,28,27.0,363167.2858,10168684.0024,9805516.7166
MAR,Morocco,Africa,Africa,North Africa,developing,1991,Industry,Waste,N2O,265,273.0,1299.063,344251.695,354644.199
MAR,Morocco,Africa,Africa,North Africa,developing,1991,Transport,Other (transport),CO2,1,1.0,676978.0,676978.0,676978.0
MAR,Morocco,Africa,Africa,North Africa,developing,1991,Transport,Other (transport),CH4,28,27.0,37.9144,1061.6032,1023.6888
MAR,Morocco,Africa,Africa,North Africa,developing,1991,Transport,Other (transport),N2O,265,273.0,261.29,69241.85,71332.17000000001
MAR,Morocco,Africa,Africa,North Africa,developing,1991,Transport,Road,CO2,1,1.0,4326827.6,4326827.6,4326827.6
MAR,Morocco,Africa,Africa,North Africa,developing,1991,Transport,Road,CH4,28,27.0,574.28717,16080.040759999998,15505.753589999998
MAR,Morocco,Africa,Africa,North Africa,developing,1991,Transport,Road,N2O,265,273.0,68.056497,18034.971705,18579.423681
MAR,Morocco,Africa,Africa,North Africa,developing,1992,AFOLU,"Biomass burning (CH4, N2O)",CH4,28,27.0,167.89809503,4701.146660840001,4533.24856581
MAR,Morocco,Africa,Africa,North Africa,developing,1992,AFOLU,"Biomass burning (CH4, N2O)",N2O,265,273.0,4.3529091596,1153.520927294,1188.3442005708
MAR,Morocco,Africa,Africa,North Africa,developing,1992,AFOLU,Enteric Fermentation (CH4),CH4,28,27.0,228323.77,6393065.56,6164741.79
MAR,Morocco,Africa,Africa,North Africa,developing,1992,AFOLU,"Managed soils and pasture (CO2, N2O)",CO2,1,1.0,208402.8,208402.8,208402.8
MAR,Morocco,Africa,Africa,North Africa,developing,1992,AFOLU,"Managed soils and pasture (CO2, N2O)",N2O,265,273.0,10390.04889046,2753362.9559719004,2836483.3470955803
MAR,Morocco,Africa,Africa,North Africa,developing,1992,AFOLU,"Manure management (N2O, CH4)",CH4,28,27.0,8887.6738,248854.8664,239967.1926
MAR,Morocco,Africa,Africa,North Africa,developing,1992,AFOLU,"Manure management (N2O, CH4)",N2O,265,273.0,130.2420214,34514.135671,35556.0718422
MAR,Morocco,Africa,Africa,North Africa,developing,1992,AFOLU,Rice cultivation (CH4),CH4,28,27.0,1072.351,30025.828,28953.477000000003
MAR,Morocco,Africa,Africa,North Africa,developing,1992,AFOLU,Synthetic fertilizer application (N2O),N2O,265,273.0,2064.82,547177.3,563695.8600000001
MAR,Morocco,Africa,Africa,North Africa,developing,1992,Buildings,Non-CO2 (all buildings),HFC-152a,138,164.0,13.616411,1879.064718,2233.091404
MAR,Morocco,Africa,Africa,North Africa,developing,1992,Buildings,Non-CO2 (all buildings),HFC-227ea,3350,3600.0,0.0,0.0,0.0
MAR,Morocco,Africa,Africa,North Africa,developing,1992,Buildings,Non-residential,CO2,1,1.0,89538.9,89538.9,89538.9
MAR,Morocco,Africa,Africa,North Africa,developing,1992,Buildings,Non-residential,CH4,28,27.0,6402.895,179281.06,172878.165
MAR,Morocco,Africa,Africa,North Africa,developing,1992,Buildings,Non-residential,N2O,265,273.0,85.3159,22608.7135,23291.2407
MAR,Morocco,Africa,Africa,North Africa,developing,1992,Buildings,Residential,CO2,1,1.0,2126205.0,2126205.0,2126205.0
MAR,Morocco,Africa,Africa,North Africa,developing,1992,Buildings,Residential,CH4,28,27.0,6296.7839,176309.9492,170013.16530000002
MAR,Morocco,Africa,Africa,North Africa,developing,1992,Buildings,Residential,N2O,265,273.0,87.8066,23268.749,23971.201800000003
MAR,Morocco,Africa,Africa,North Africa,developing,1992,Energy systems,Coal mining fugitive emissions,CO2,1,1.0,5055.53,5055.53,5055.53
MAR,Morocco,Africa,Africa,North Africa,developing,1992,Energy systems,Coal mining fugitive emissions,CH4,30,29.8,7967.95,239038.5,237444.91
MAR,Morocco,Africa,Africa,North Africa,developing,1992,Energy systems,Electricity & heat,CO2,1,1.0,8138633.5,8138633.5,8138633.5
MAR,Morocco,Africa,Africa,North Africa,developing,1992,Energy systems,Electricity & heat,CH4,28,27.0,123.711013,3463.908364,3340.197351
MAR,Morocco,Africa,Africa,North Africa,developing,1992,Energy systems,Electricity & heat,N2O,265,273.0,65.5445308,17369.300662,17893.6569084
MAR,Morocco,Africa,Africa,North Africa,developing,1992,Energy systems,Oil and gas fugitive emissions,CO2,1,1.0,29.56247,29.56247,29.56247
MAR,Morocco,Africa,Africa,North Africa,developing,1992,Energy systems,Oil and gas fugitive emissions,CH4,30,29.8,2483.02496,74490.7488,73994.14380800001
MAR,Morocco,Africa,Africa,North Africa,developing,1992,Energy systems,Oil and gas fugitive emissions,N2O,265,273.0,0.000801635,0.212433275,0.218846355
MAR,Morocco,Africa,Africa,North Africa,developing,1992,Energy systems,Other (energy systems),CO2,1,1.0,86573.2,86573.2,86573.2
MAR,Morocco,Africa,Africa,North Africa,developing,1992,Energy systems,Other (energy systems),CH4,28,27.0,1342.96,37602.880000000005,36259.92
MAR,Morocco,Africa,Africa,North Africa,developing,1992,Energy systems,Other (energy systems),N2O,265,273.0,604.0196,160065.194,164897.3508
MAR,Morocco,Africa,Africa,North Africa,developing,1992,Energy systems,Petroleum refining,CO2,1,1.0,277056.0,277056.0,277056.0
MAR,Morocco,Africa,Africa,North Africa,developing,1992,Energy systems,Petroleum refining,CH4,28,27.0,4.81,134.67999999999998,129.86999999999998
MAR,Morocco,Africa,Africa,North Africa,developing,1992,Energy systems,Petroleum refining,N2O,265,273.0,0.481,127.465,131.313
MAR,Morocco,Africa,Africa,North Africa,developing,1992,Industry,Cement,CO2,1,1.0,2643500.0,2643500.0,2643500.0
MAR,Morocco,Africa,Africa,North Africa,developing,1992,Industry,Chemicals,CO2,1,1.0,127478.41,127478.41,127478.41
MAR,Morocco,Africa,Africa,North Africa,developing,1992,Industry,Chemicals,N2O,265,273.0,84.96584,22515.9476,23195.67432
MAR,Morocco,Africa,Africa,North Africa,developing,1992,Industry,Metals,CO2,1,1.0,114556.5,114556.5,114556.5
MAR,Morocco,Africa,Africa,North Africa,developing,1992,Industry,Metals,CH4,28,27.0,1.639,45.892,44.253
MAR,Morocco,Africa,Africa,North Africa,developing,1992,Industry,Metals,N2O,265,273.0,0.2344,62.116,63.9912
MAR,Morocco,Africa,Africa,North Africa,developing,1992,Industry,Other (industry),CO2,1,1.0,5828910.0,5828910.0,5828910.0
MAR,Morocco,Africa,Africa,North Africa,developing,1992,Industry,Other (industry),CH4,28,27.0,394.01106,11032.30968,10638.29862
MAR,Morocco,Africa,Africa,North Africa,developing,1992,Industry,Other (industry),N2O,265,273.0,76.72461,20332.02165,20945.81853
MAR,Morocco,Africa,Africa,North Africa,developing,1992,Industry,Other (industry),HFC-125,3170,3740.0,0.0,0.0,0.0
MAR,Morocco,Africa,Africa,North Africa,developing,1992,Industry,Other (industry),HFC-134a,1300,1530.0,1.497084,1946.2092,2290.53852
MAR,Morocco,Africa,Africa,North Africa,developing,1992,Industry,Other (industry),HFC-143a,4800,5810.0,0.0,0.0,0.0
MAR,Morocco,Africa,Africa,North Africa,developing,1992,Industry,Other (industry),HFC-245fa,858,962.0,0.0,0.0,0.0
MAR,Morocco,Africa,Africa,North Africa,developing,1992,Industry,Other (industry),HFC-32,677,771.0,0.0,0.0,0.0
MAR,Morocco,Africa,Africa,North Africa,developing,1992,Industry,Other (industry),HFC-365mfc,804,914.0,0.0,0.0,0.0
MAR,Morocco,Africa,Africa,North Africa,developing,1992,Industry,Waste,CH4,28,27.0,372796.6486,10438306.1608,10065509.5122
MAR,Morocco,Africa,Africa,North Africa,developing,1992,Industry,Waste,N2O,265,273.0,1293.275,342717.875,353064.075
MAR,Morocco,Africa,Africa,North Africa,developing,1992,Transport,Other (transport),CO2,1,1.0,789313.0,789313.0,789313.0
MAR,Morocco,Africa,Africa,North Africa,developing,1992,Transport,Other (transport),CH4,28,27.0,44.2058,1237.7624,1193.5566
MAR,Morocco,Africa,Africa,North Africa,developing,1992,Transport,Other (transport),N2O,265,273.0,304.647,80731.455,83168.631
MAR,Morocco,Africa,Africa,North Africa,developing,1992,Transport,Road,CO2,1,1.0,4793687.5,4793687.5,4793687.5
MAR,Morocco,Africa,Africa,North Africa,developing,1992,Transport,Road,CH4,28,27.0,607.81649,17018.86172,16411.04523
MAR,Morocco,Africa,Africa,North Africa,developing,1992,Transport,Road,N2O,265,273.0,72.74826,19278.2889,19860.27498
MAR,Morocco,Africa,Africa,North Africa,developing,1993,AFOLU,"Biomass burning (CH4, N2O)",CH4,28,27.0,163.56105191,4579.70945348,4416.14840157
MAR,Morocco,Africa,Africa,North Africa,developing,1993,AFOLU,"Biomass burning (CH4, N2O)",N2O,265,273.0,4.2404629714,1123.722687421,1157.6463911922
MAR,Morocco,Africa,Africa,North Africa,developing,1993,AFOLU,Enteric Fermentation (CH4),CH4,28,27.0,191619.31,5365340.68,5173721.37
MAR,Morocco,Africa,Africa,North Africa,developing,1993,AFOLU,"Managed soils and pasture (CO2, N2O)",CO2,1,1.0,264440.0,264440.0,264440.0
MAR,Morocco,Africa,Africa,North Africa,developing,1993,AFOLU,"Managed soils and pasture (CO2, N2O)",N2O,265,273.0,9093.9576978,2409898.789917,2482650.4514994
MAR,Morocco,Africa,Africa,North Africa,developing,1993,AFOLU,"Manure management (N2O, CH4)",CH4,28,27.0,7916.39908,221659.17424,213742.77516
MAR,Morocco,Africa,Africa,North Africa,developing,1993,AFOLU,"Manure management (N2O, CH4)",N2O,265,273.0,120.56344069,31949.31178285,32913.819308369995
MAR,Morocco,Africa,Africa,North Africa,developing,1993,AFOLU,Rice cultivation (CH4),CH4,28,27.0,1564.637,43809.836,42245.199
MAR,Morocco,Africa,Africa,North Africa,developing,1993,AFOLU,Synthetic fertilizer application (N2O),N2O,265,273.0,2698.093,714994.6449999999,736579.389
MAR,Morocco,Africa,Africa,North Africa,developing,1993,Buildings,Non-CO2 (all buildings),HFC-152a,138,164.0,19.942103,2752.010214,3270.504892
MAR,Morocco,Africa,Africa,North Africa,developing,1993,Buildings,Non-CO2 (all buildings),HFC-227ea,3350,3600.0,0.0,0.0,0.0
MAR,Morocco,Africa,Africa,North Africa,developing,1993,Buildings,Non-residential,CO2,1,1.0,98499.1,98499.1,98499.1
MAR,Morocco,Africa,Africa,North Africa,developing,1993,Buildings,Non-residential,CH4,28,27.0,6514.305,182400.54,175886.23500000002
MAR,Morocco,Africa,Africa,North Africa,developing,1993,Buildings,Non-residential,N2O,265,273.0,86.8061,23003.6165,23698.0653
MAR,Morocco,Africa,Africa,North Africa,developing,1993,Buildings,Residential,CO2,1,1.0,2309702.0,2309702.0,2309702.0
MAR,Morocco,Africa,Africa,North Africa,developing,1993,Buildings,Residential,CH4,28,27.0,6419.0918,179734.5704,173315.4786
MAR,Morocco,Africa,Africa,North Africa,developing,1993,Buildings,Residential,N2O,265,273.0,89.3672,23682.308,24397.2456
MAR,Morocco,Africa,Africa,North Africa,developing,1993,Energy systems,Coal mining fugitive emissions,CO2,1,1.0,5301.1,5301.1,5301.1
MAR,Morocco,Africa,Africa,North Africa,developing,1993,Energy systems,Coal mining fugitive emissions,CH4,30,29.8,8354.99,250649.7,248978.702
MAR,Morocco,Africa,Africa,North Africa,developing,1993,Energy systems,Electricity & heat,CO2,1,1.0,8965503.66,8965503.66,8965503.66
MAR,Morocco,Africa,Africa,North Africa,developing,1993,Energy systems,Electricity & heat,CH4,28,27.0,148.9019,4169.2532,4020.3513
MAR,Morocco,Africa,Africa,North Africa,developing,1993,Energy systems,Electricity & heat,N2O,265,273.0,75.1486052,19914.380378,20515.5692196
MAR,Morocco,Africa,Africa,North Africa,developing,1993,Energy systems,Oil and gas fugitive emissions,CO2,1,1.0,27.16147,27.16147,27.16147
MAR,Morocco,Africa,Africa,North Africa,developing,1993,Energy systems,Oil and gas fugitive emissions,CH4,30,29.8,2348.57251,70457.1753,69987.460798
MAR,Morocco,Africa,Africa,North Africa,developing,1993,Energy systems,Oil and gas fugitive emissions,N2O,265,273.0,0.000728589,0.1930760849999999,0.198904797
MAR,Morocco,Africa,Africa,North Africa,developing,1993,Energy systems,Other (energy systems),CO2,1,1.0,95533.4,95533.4,95533.4
MAR,Morocco,Africa,Africa,North Africa,developing,1993,Energy systems,Other (energy systems),CH4,28,27.0,1343.67,37622.76,36279.09
MAR,Morocco,Africa,Africa,North Africa,developing,1993,Energy systems,Other (energy systems),N2O,265,273.0,638.9439,169320.1335,174431.68469999998
MAR,Morocco,Africa,Africa,North Africa,developing,1993,Energy systems,Petroleum refining,CO2,1,1.0,290938.0,290938.0,290938.0
MAR,Morocco,Africa,Africa,North Africa,developing,1993,Energy systems,Petroleum refining,CH4,28,27.0,5.051,141.428,136.377
MAR,Morocco,Africa,Africa,North Africa,developing,1993,Energy systems,Petroleum refining,N2O,265,273.0,0.5051,133.8515,137.8923
MAR,Morocco,Africa,Africa,North Africa,developing,1993,Industry,Cement,CO2,1,1.0,2620320.0,2620320.0,2620320.0
MAR,Morocco,Africa,Africa,North Africa,developing,1993,Industry,Chemicals,CO2,1,1.0,131496.26,131496.26,131496.26
MAR,Morocco,Africa,Africa,North Africa,developing,1993,Industry,Chemicals,N2O,265,273.0,86.43479,22905.219350000003,23596.69767
MAR,Morocco,Africa,Africa,North Africa,developing,1993,Industry,Metals,CO2,1,1.0,114047.9,114047.9,114047.9
MAR,Morocco,Africa,Africa,North Africa,developing,1993,Industry,Metals,CH4,28,27.0,1.639,45.892,44.253
MAR,Morocco,Africa,Africa,North Africa,developing,1993,Industry,Metals,N2O,265,273.0,0.2344,62.116,63.9912
MAR,Morocco,Africa,Africa,North Africa,developing,1993,Industry,Other (industry),CO2,1,1.0,4956563.3,4956563.3,4956563.3
MAR,Morocco,Africa,Africa,North Africa,developing,1993,Industry,Other (industry),CH4,28,27.0,345.27968,9667.83104,9322.55136
MAR,Morocco,Africa,Africa,North Africa,developing,1993,Industry,Other (industry),N2O,265,273.0,69.33593,18374.02145,18928.70889
MAR,Morocco,Africa,Africa,North Africa,developing,1993,Industry,Other (industry),HFC-125,3170,3740.0,0.0,0.0,0.0
MAR,Morocco,Africa,Africa,North Africa,developing,1993,Industry,Other (industry),HFC-134a,1300,1530.0,1.866298,2426.1874,2855.43594
MAR,Morocco,Africa,Africa,North Africa,developing,1993,Industry,Other (industry),HFC-143a,4800,5810.0,0.207534,996.1632,1205.77254
MAR,Morocco,Africa,Africa,North Africa,developing,1993,Industry,Other (industry),HFC-245fa,858,962.0,0.0,0.0,0.0
MAR,Morocco,Africa,Africa,North Africa,developing,1993,Industry,Other (industry),HFC-32,677,771.0,0.0,0.0,0.0
MAR,Morocco,Africa,Africa,North Africa,developing,1993,Industry,Other (industry),HFC-365mfc,804,914.0,0.0,0.0,0.0
MAR,Morocco,Africa,Africa,North Africa,developing,1993,Industry,Waste,CH4,28,27.0,381157.787,10672418.036,10291260.249
MAR,Morocco,Africa,Africa,North Africa,developing,1993,Industry,Waste,N2O,265,273.0,1312.074,347699.61000000004,358196.202
MAR,Morocco,Africa,Africa,North Africa,developing,1993,Transport,Other (transport),CO2,1,1.0,885569.0,885569.0,885569.0
MAR,Morocco,Africa,Africa,North Africa,developing,1993,Transport,Other (transport),CH4,28,27.0,49.5966,1388.7048,1339.1082
MAR,Morocco,Africa,Africa,North Africa,developing,1993,Transport,Other (transport),N2O,265,273.0,341.799,90576.735,93311.127
MAR,Morocco,Africa,Africa,North Africa,developing,1993,Transport,Road,CO2,1,1.0,5220232.0,5220232.0,5220232.0
MAR,Morocco,Africa,Africa,North Africa,developing,1993,Transport,Road,CH4,28,27.0,626.89434,17553.041520000002,16926.14718
MAR,Morocco,Africa,Africa,North Africa,developing,1993,Transport,Road,N2O,265,273.0,75.629607,20041.845855,20646.882711
MAR,Morocco,Africa,Africa,North Africa,developing,1994,AFOLU,"Biomass burning (CH4, N2O)",CH4,28,27.0,363.84139335,10187.5590138,9823.71762045
MAR,Morocco,Africa,Africa,North Africa,developing,1994,AFOLU,"Biomass burning (CH4, N2O)",N2O,265,273.0,9.4329215685,2499.7242156525,2575.1875882005
MAR,Morocco,Africa,Africa,North Africa,developing,1994,AFOLU,Enteric Fermentation (CH4),CH4,28,27.0,199352.7,5581875.600000001,5382522.9
MAR,Morocco,Africa,Africa,North Africa,developing,1994,AFOLU,"Managed soils and pasture (CO2, N2O)",CO2,1,1.0,230748.5,230748.5,230748.5
MAR,Morocco,Africa,Africa,North Africa,developing,1994,AFOLU,"Managed soils and pasture (CO2, N2O)",N2O,265,273.0,9843.49156869,2608525.26570285,2687273.19825237
MAR,Morocco,Africa,Africa,North Africa,developing,1994,AFOLU,"Manure management (N2O, CH4)",CH4,28,27.0,8228.8314,230407.2792,222178.4478
MAR,Morocco,Africa,Africa,North Africa,developing,1994,AFOLU,"Manure management (N2O, CH4)",N2O,265,273.0,123.68146154,32775.5873081,33765.03900042
MAR,Morocco,Africa,Africa,North Africa,developing,1994,AFOLU,Rice cultivation (CH4),CH4,28,27.0,1535.64,42997.920000000006,41462.280000000006
MAR,Morocco,Africa,Africa,North Africa,developing,1994,AFOLU,Synthetic fertilizer application (N2O),N2O,265,273.0,2118.2476,561335.6140000001,578281.5948000001
MAR,Morocco,Africa,Africa,North Africa,developing,1994,Buildings,Non-CO2 (all buildings),HFC-152a,138,164.0,27.497016,3794.588208,4509.510624
MAR,Morocco,Africa,Africa,North Africa,developing,1994,Buildings,Non-CO2 (all buildings),HFC-227ea,3350,3600.0,0.0,0.0,0.0
MAR,Morocco,Africa,Africa,North Africa,developing,1994,Buildings,Non-residential,CO2,1,1.0,107459.0,107459.0,107459.0
MAR,Morocco,Africa,Africa,North Africa,developing,1994,Buildings,Non-residential,CH4,28,27.0,6622.115,185419.22,178797.10499999998
MAR,Morocco,Africa,Africa,North Africa,developing,1994,Buildings,Non-residential,N2O,265,273.0,88.2483,23385.7995,24091.7859
MAR,Morocco,Africa,Africa,North Africa,developing,1994,Buildings,Residential,CO2,1,1.0,2429837.0,2429837.0,2429837.0
MAR,Morocco,Africa,Africa,North Africa,developing,1994,Buildings,Residential,CH4,28,27.0,6532.3247,182905.0916,176372.76690000002
MAR,Morocco,Africa,Africa,North Africa,developing,1994,Buildings,Residential,N2O,265,273.0,90.6983,24035.0495,24760.6359
MAR,Morocco,Africa,Africa,North Africa,developing,1994,Energy systems,Coal mining fugitive emissions,CO2,1,1.0,5705.02,5705.02,5705.02
MAR,Morocco,Africa,Africa,North Africa,developing,1994,Energy systems,Coal mining fugitive emissions,CH4,30,29.8,8991.6,269748.0,267949.68
MAR,Morocco,Africa,Africa,North Africa,developing,1994,Energy systems,Electricity & heat,CO2,1,1.0,9903065.88,9903065.88,9903065.88
MAR,Morocco,Africa,Africa,North Africa,developing,1994,Energy systems,Electricity & heat,CH4,28,27.0,164.611296,4609.116288,4444.504992
MAR,Morocco,Africa,Africa,North Africa,developing,1994,Energy systems,Electricity & heat,N2O,265,273.0,83.3825472,22096.375008000003,22763.4353856
MAR,Morocco,Africa,Africa,North Africa,developing,1994,Energy systems,Oil and gas fugitive emissions,CO2,1,1.0,22.69045,22.69045,22.69045
MAR,Morocco,Africa,Africa,North Africa,developing,1994,Energy systems,Oil and gas fugitive emissions,CH4,30,29.8,2355.29161,70658.7483,70187.68997800001
MAR,Morocco,Africa,Africa,North Africa,developing,1994,Energy systems,Oil and gas fugitive emissions,N2O,265,273.0,0.00058437,0.15485805,0.15953301
MAR,Morocco,Africa,Africa,North Africa,developing,1994,Energy systems,Other (energy systems),CO2,1,1.0,104494.0,104494.0,104494.0
MAR,Morocco,Africa,Africa,North Africa,developing,1994,Energy systems,Other (energy systems),CH4,28,27.0,1344.38,37642.64,36298.26
MAR,Morocco,Africa,Africa,North Africa,developing,1994,Energy systems,Other (energy systems),N2O,265,273.0,687.7509,182253.9885,187755.9957
MAR,Morocco,Africa,Africa,North Africa,developing,1994,Energy systems,Petroleum refining,CO2,1,1.0,304762.0,304762.0,304762.0
MAR,Morocco,Africa,Africa,North Africa,developing,1994,Energy systems,Petroleum refining,CH4,28,27.0,5.291,148.14800000000002,142.857
MAR,Morocco,Africa,Africa,North Africa,developing,1994,Energy systems,Petroleum refining,N2O,265,273.0,0.5291,140.2115,144.4443
MAR,Morocco,Africa,Africa,North Africa,developing,1994,Industry,Cement,CO2,1,1.0,2656440.0,2656440.0,2656440.0
MAR,Morocco,Africa,Africa,North Africa,developing,1994,Industry,Chemicals,CO2,1,1.0,130860.157,130860.157,130860.157
MAR,Morocco,Africa,Africa,North Africa,developing,1994,Industry,Chemicals,N2O,265,273.0,87.85003,23280.25795,23983.05819
MAR,Morocco,Africa,Africa,North Africa,developing,1994,Industry,Metals,CO2,1,1.0,114186.3,114186.3,114186.3
MAR,Morocco,Africa,Africa,North Africa,developing,1994,Industry,Metals,CH4,28,27.0,1.65,46.2,44.55
MAR,Morocco,Africa,Africa,North Africa,developing,1994,Industry,Metals,CH4,30,29.8,0.49,14.7,14.602
MAR,Morocco,Africa,Africa,North Africa,developing,1994,Industry,Metals,N2O,265,273.0,0.2355,62.4075,64.2915
MAR,Morocco,Africa,Africa,North Africa,developing,1994,Industry,Other (industry),CO2,1,1.0,5530109.8,5530109.8,5530109.8
MAR,Morocco,Africa,Africa,North Africa,developing,1994,Industry,Other (industry),CH4,28,27.0,367.74616,10296.89248,9929.14632
MAR,Morocco,Africa,Africa,North Africa,developing,1994,Industry,Other (industry),N2O,265,273.0,71.02418,18821.4077,19389.60114
MAR,Morocco,Africa,Africa,North Africa,developing,1994,Industry,Other (industry),HFC-125,3170,3740.0,0.0,0.0,0.0
MAR,Morocco,Africa,Africa,North Africa,developing,1994,Industry,Other (industry),HFC-134a,1300,1530.0,6.329616,8228.5008,9684.31248
MAR,Morocco,Africa,Africa,North Africa,developing,1994,Industry,Other (industry),HFC-143a,4800,5810.0,0.521781,2504.5488,3031.54761
MAR,Morocco,Africa,Africa,North Africa,developing,1994,Industry,Other (industry),HFC-245fa,858,962.0,0.0,0.0,0.0
MAR,Morocco,Africa,Africa,North Africa,developing,1994,Industry,Other (industry),HFC-32,677,771.0,0.0,0.0,0.0
MAR,Morocco,Africa,Africa,North Africa,developing,1994,Industry,Other (industry),HFC-365mfc,804,914.0,0.0,0.0,0.0
MAR,Morocco,Africa,Africa,North Africa,developing,1994,Industry,Waste,CH4,28,27.0,398672.19141,11162821.35948,10764149.168070002
MAR,Morocco,Africa,Africa,North Africa,developing,1994,Industry,Waste,N2O,265,273.0,1367.439,362371.335,373310.847
MAR,Morocco,Africa,Africa,North Africa,developing,1994,Transport,Other (transport),CO2,1,1.0,959373.0,959373.0,959373.0
MAR,Morocco,Africa,Africa,North Africa,developing,1994,Transport,Other (transport),CH4,28,27.0,53.7301,1504.4428,1450.7127
MAR,Morocco,Africa,Africa,North Africa,developing,1994,Transport,Other (transport),N2O,265,273.0,370.284,98125.26,101087.532
MAR,Morocco,Africa,Africa,North Africa,developing,1994,Transport,Road,CO2,1,1.0,5640596.9,5640596.9,5640596.9
MAR,Morocco,Africa,Africa,North Africa,developing,1994,Transport,Road,CH4,28,27.0,643.75746,18025.20888,17381.45142
MAR,Morocco,Africa,Africa,North Africa,developing,1994,Transport,Road,N2O,265,273.0,78.049022,20682.99083,21307.383006
MAR,Morocco,Africa,Africa,North Africa,developing,1995,AFOLU,"Biomass burning (CH4, N2O)",CH4,28,27.0,121.69841682,3407.55567096,3285.8572541400004
MAR,Morocco,Africa,Africa,North Africa,developing,1995,AFOLU,"Biomass burning (CH4, N2O)",N2O,265,273.0,3.1551437852,836.113103078,861.3542533596
MAR,Morocco,Africa,Africa,North Africa,developing,1995,AFOLU,Enteric Fermentation (CH4),CH4,28,27.0,201346.1,5637690.8,5436344.7
MAR,Morocco,Africa,Africa,North Africa,developing,1995,AFOLU,"Managed soils and pasture (CO2, N2O)",CO2,1,1.0,252654.3,252654.3,252654.3
MAR,Morocco,Africa,Africa,North Africa,developing,1995,AFOLU,"Managed soils and pasture (CO2, N2O)",N2O,265,273.0,9407.00414553,2492856.09856545,2568112.13172969
MAR,Morocco,Africa,Africa,North Africa,developing,1995,AFOLU,"Manure management (N2O, CH4)",CH4,28,27.0,8514.85284,238415.87952,229901.02668
MAR,Morocco,Africa,Africa,North Africa,developing,1995,AFOLU,"Manure management (N2O, CH4)",N2O,265,273.0,130.03713326,34459.8403139,35500.13737998
MAR,Morocco,Africa,Africa,North Africa,developing,1995,AFOLU,Rice cultivation (CH4),CH4,28,27.0,98.5656,2759.8368,2661.2712
MAR,Morocco,Africa,Africa,North Africa,developing,1995,AFOLU,Synthetic fertilizer application (N2O),N2O,265,273.0,2276.9586,603394.029,621609.6978
MAR,Morocco,Africa,Africa,North Africa,developing,1995,Buildings,Non-CO2 (all buildings),HFC-152a,138,164.0,34.971035,4826.00283,5735.24974
MAR,Morocco,Africa,Africa,North Africa,developing,1995,Buildings,Non-CO2 (all buildings),HFC-227ea,3350,3600.0,0.0812411,272.157685,292.46796
MAR,Morocco,Africa,Africa,North Africa,developing,1995,Buildings,Non-residential,CO2,1,1.0,113391.0,113391.0,113391.0
MAR,Morocco,Africa,Africa,North Africa,developing,1995,Buildings,Non-residential,CH4,28,27.0,6724.885,188296.78,181571.895
MAR,Morocco,Africa,Africa,North Africa,developing,1995,Buildings,Non-residential,N2O,265,273.0,89.6217,23749.7505,24466.7241
MAR,Morocco,Africa,Africa,North Africa,developing,1995,Buildings,Residential,CO2,1,1.0,2542643.0,2542643.0,2542643.0
MAR,Morocco,Africa,Africa,North Africa,developing,1995,Buildings,Residential,CH4,28,27.0,6642.3576,185986.0128,179343.6552
MAR,Morocco,Africa,Africa,North Africa,developing,1995,Buildings,Residential,N2O,265,273.0,92.1702,24425.103,25162.4646
MAR,Morocco,Africa,Africa,North Africa,developing,1995,Energy systems,Coal mining fugitive emissions,CO2,1,1.0,5705.02,5705.02,5705.02
MAR,Morocco,Africa,Africa,North Africa,developing,1995,Energy systems,Coal mining fugitive emissions,CH4,30,29.8,8991.6,269748.0,267949.68
MAR,Morocco,Africa,Africa,North Africa,developing,1995,Energy systems,Electricity & heat,CO2,1,1.0,11403042.938,11403042.938,11403042.938
MAR,Morocco,Africa,Africa,North Africa,developing,1995,Energy systems,Electricity & heat,CH4,28,27.0,149.668108,4190.707023999999,4041.038916
MAR,Morocco,Africa,Africa,North Africa,developing,1995,Energy systems,Electricity & heat,N2O,265,273.0,119.455668,31655.75202,32611.397364
MAR,Morocco,Africa,Africa,North Africa,developing,1995,Energy systems,Oil and gas fugitive emissions,CO2,1,1.0,15.44263,15.44263,15.44263
MAR,Morocco,Africa,Africa,North Africa,developing,1995,Energy systems,Oil and gas fugitive emissions,CH4,30,29.8,2208.5078,66255.234,65813.53244
MAR,Morocco,Africa,Africa,North Africa,developing,1995,Energy systems,Oil and gas fugitive emissions,N2O,265,273.0,0.000365231,0.096786215,0.099708063
MAR,Morocco,Africa,Africa,North Africa,developing,1995,Energy systems,Other (energy systems),CO2,1,1.0,110425.0,110425.0,110425.0
MAR,Morocco,Africa,Africa,North Africa,developing,1995,Energy systems,Other (energy systems),CH4,28,27.0,1344.85,37655.8,36310.95
MAR,Morocco,Africa,Africa,North Africa,developing,1995,Energy systems,Other (energy systems),N2O,265,273.0,704.424,186672.36,192307.752
MAR,Morocco,Africa,Africa,North Africa,developing,1995,Energy systems,Petroleum refining,CO2,1,1.0,288115.0,288115.0,288115.0
MAR,Morocco,Africa,Africa,North Africa,developing,1995,Energy systems,Petroleum refining,CH4,28,27.0,5.002,140.05599999999998,135.054
MAR,Morocco,Africa,Africa,North Africa,developing,1995,Energy systems,Petroleum refining,N2O,265,273.0,0.5002,132.553,136.5546
MAR,Morocco,Africa,Africa,North Africa,developing,1995,Industry,Cement,CO2,1,1.0,2694400.0,2694400.0,2694400.0
MAR,Morocco,Africa,Africa,North Africa,developing,1995,Industry,Chemicals,CO2,1,1.0,135241.857,135241.857,135241.857
MAR,Morocco,Africa,Africa,North Africa,developing,1995,Industry,Chemicals,N2O,265,273.0,89.19478,23636.6167,24350.17494
MAR,Morocco,Africa,Africa,North Africa,developing,1995,Industry,Metals,CO2,1,1.0,32674.9,32674.9,32674.9
MAR,Morocco,Africa,Africa,North Africa,developing,1995,Industry,Metals,CH4,30,29.8,0.35,10.5,10.43
MAR,Morocco,Africa,Africa,North Africa,developing,1995,Industry,Other (industry),CO2,1,1.0,4705277.1,4705277.1,4705277.1
MAR,Morocco,Africa,Africa,North Africa,developing,1995,Industry,Other (industry),CH4,28,27.0,307.00532,8596.148959999999,8289.14364
MAR,Morocco,Africa,Africa,North Africa,developing,1995,Industry,Other (industry),N2O,265,273.0,61.274247,16237.675455,16727.869431
MAR,Morocco,Africa,Africa,North Africa,developing,1995,Industry,Other (industry),HFC-125,3170,3740.0,0.0,0.0,0.0
MAR,Morocco,Africa,Africa,North Africa,developing,1995,Industry,Other (industry),HFC-134a,1300,1530.0,10.792935,14030.8155,16513.19055
MAR,Morocco,Africa,Africa,North Africa,developing,1995,Industry,Other (industry),HFC-143a,4800,5810.0,1.2123,5819.04,7043.463
MAR,Morocco,Africa,Africa,North Africa,developing,1995,Industry,Other (industry),HFC-245fa,858,962.0,0.0,0.0,0.0
MAR,Morocco,Africa,Africa,North Africa,developing,1995,Industry,Other (industry),HFC-32,677,771.0,0.0,0.0,0.0
MAR,Morocco,Africa,Africa,North Africa,developing,1995,Industry,Other (industry),HFC-365mfc,804,914.0,0.0,0.0,0.0
MAR,Morocco,Africa,Africa,North Africa,developing,1995,Industry,Waste,CH4,28,27.0,405016.58529,11340464.38812,10935447.80283
MAR,Morocco,Africa,Africa,North Africa,developing,1995,Industry,Waste,N2O,265,273.0,1388.614,367982.71,379091.622
MAR,Morocco,Africa,Africa,North Africa,developing,1995,Transport,Other (transport),CO2,1,1.0,988198.0,988198.0,988198.0
MAR,Morocco,Africa,Africa,North Africa,developing,1995,Transport,Other (transport),CH4,28,27.0,55.3444,1549.6432,1494.2988
MAR,Morocco,Africa,Africa,North Africa,developing,1995,Transport,Other (transport),N2O,265,273.0,381.41,101073.65,104124.93
MAR,Morocco,Africa,Africa,North Africa,developing,1995,Transport,Road,CO2,1,1.0,5986322.1,5986322.1,5986322.1
MAR,Morocco,Africa,Africa,North Africa,developing,1995,Transport,Road,CH4,28,27.0,634.62102,17769.38856,17134.76754
MAR,Morocco,Africa,Africa,North Africa,developing,1995,Transport,Road,N2O,265,273.0,77.031671,20413.392815,21029.646183
MAR,Morocco,Africa,Africa,North Africa,developing,1996,AFOLU,"Biomass burning (CH4, N2O)",CH4,28,27.0,374.89967789,10497.19098092,10122.29130303
MAR,Morocco,Africa,Africa,North Africa,developing,1996,AFOLU,"Biomass burning (CH4, N2O)",N2O,265,273.0,9.7196260286,2575.700897579,2653.4579058078
MAR,Morocco,Africa,Africa,North Africa,developing,1996,AFOLU,Enteric Fermentation (CH4),CH4,28,27.0,210685.7,5899199.600000001,5688513.9
MAR,Morocco,Africa,Africa,North Africa,developing,1996,AFOLU,"Managed soils and pasture (CO2, N2O)",CO2,1,1.0,200137.3,200137.3,200137.3
MAR,Morocco,Africa,Africa,North Africa,developing,1996,AFOLU,"Managed soils and pasture (CO2, N2O)",N2O,265,273.0,10323.0400704,2735605.618656,2818189.9392192
MAR,Morocco,Africa,Africa,North Africa,developing,1996,AFOLU,"Manure management (N2O, CH4)",CH4,28,27.0,8816.532,246862.896,238046.364
MAR,Morocco,Africa,Africa,North Africa,developing,1996,AFOLU,"Manure management (N2O, CH4)",N2O,265,273.0,129.48151482,34312.601427300004,35348.45354586
MAR,Morocco,Africa,Africa,North Africa,developing,1996,AFOLU,Rice cultivation (CH4),CH4,28,27.0,1270.501,35574.028,34303.527
MAR,Morocco,Africa,Africa,North Africa,developing,1996,AFOLU,Synthetic fertilizer application (N2O),N2O,265,273.0,1956.3934,518444.251,534095.3981999999
MAR,Morocco,Africa,Africa,North Africa,developing,1996,Buildings,Non-CO2 (all buildings),HFC-152a,138,164.0,42.426058,5854.796004,6957.873511999999
MAR,Morocco,Africa,Africa,North Africa,developing,1996,Buildings,Non-CO2 (all buildings),HFC-227ea,3350,3600.0,0.339215,1136.37025,1221.174
MAR,Morocco,Africa,Africa,North Africa,developing,1996,Buildings,Non-residential,CO2,1,1.0,119385.0,119385.0,119385.0
MAR,Morocco,Africa,Africa,North Africa,developing,1996,Buildings,Non-residential,CH4,28,27.0,6822.86,191040.08,184217.22
MAR,Morocco,Africa,Africa,North Africa,developing,1996,Buildings,Non-residential,N2O,265,273.0,90.9312,24096.768,24824.2176
MAR,Morocco,Africa,Africa,North Africa,developing,1996,Buildings,Residential,CO2,1,1.0,2626202.0,2626202.0,2626202.0
MAR,Morocco,Africa,Africa,North Africa,developing,1996,Buildings,Residential,CH4,28,27.0,6742.4505,188788.614,182046.1635
MAR,Morocco,Africa,Africa,North Africa,developing,1996,Buildings,Residential,N2O,265,273.0,93.2129,24701.4185,25447.1217
MAR,Morocco,Africa,Africa,North Africa,developing,1996,Energy systems,Coal mining fugitive emissions,CO2,1,1.0,4441.23,4441.23,4441.23
MAR,Morocco,Africa,Africa,North Africa,developing,1996,Energy systems,Coal mining fugitive emissions,CH4,30,29.8,6999.76,209992.8,208592.848
MAR,Morocco,Africa,Africa,North Africa,developing,1996,Energy systems,Electricity & heat,CO2,1,1.0,9662346.53,9662346.53,9662346.53
MAR,Morocco,Africa,Africa,North Africa,developing,1996,Energy systems,Electricity & heat,CH4,28,27.0,117.874954,3300.498712,3182.623758
MAR,Morocco,Africa,Africa,North Africa,developing,1996,Energy systems,Electricity & heat,N2O,265,273.0,106.7796688,28296.612232,29150.8495824
MAR,Morocco,Africa,Africa,North Africa,developing,1996,Energy systems,Oil and gas fugitive emissions,CO2,1,1.0,15.07963,15.07963,15.07963
MAR,Morocco,Africa,Africa,North Africa,developing,1996,Energy systems,Oil and gas fugitive emissions,CH4,30,29.8,2141.1131,64233.393,63805.17038
MAR,Morocco,Africa,Africa,North Africa,developing,1996,Energy systems,Oil and gas fugitive emissions,N2O,265,273.0,0.000365231,0.096786215,0.099708063
MAR,Morocco,Africa,Africa,North Africa,developing,1996,Energy systems,Other (energy systems),CO2,1,1.0,116419.0,116419.0,116419.0
MAR,Morocco,Africa,Africa,North Africa,developing,1996,Energy systems,Other (energy systems),CH4,28,27.0,1441.425,40359.9,38918.475
MAR,Morocco,Africa,Africa,North Africa,developing,1996,Energy systems,Other (energy systems),N2O,265,273.0,698.486,185098.79,190686.678
MAR,Morocco,Africa,Africa,North Africa,developing,1996,Energy systems,Petroleum refining,CO2,1,1.0,293702.0,293702.0,293702.0
MAR,Morocco,Africa,Africa,North Africa,developing,1996,Energy systems,Petroleum refining,CH4,28,27.0,5.099,142.772,137.673
MAR,Morocco,Africa,Africa,North Africa,developing,1996,Energy systems,Petroleum refining,N2O,265,273.0,0.5099,135.1235,139.2027
MAR,Morocco,Africa,Africa,North Africa,developing,1996,Industry,Cement,CO2,1,1.0,2767800.0,2767800.0,2767800.0
MAR,Morocco,Africa,Africa,North Africa,developing,1996,Industry,Chemicals,CO2,1,1.0,139263.806,139263.806,139263.806
MAR,Morocco,Africa,Africa,North Africa,developing,1996,Industry,Chemicals,N2O,265,273.0,90.46442,23973.0713,24696.78666
MAR,Morocco,Africa,Africa,North Africa,developing,1996,Industry,Metals,CO2,1,1.0,33658.1,33658.1,33658.1
MAR,Morocco,Africa,Africa,North Africa,developing,1996,Industry,Metals,CH4,30,29.8,0.35,10.5,10.43
MAR,Morocco,Africa,Africa,North Africa,developing,1996,Industry,Other (industry),CO2,1,1.0,5562346.2,5562346.2,5562346.2
MAR,Morocco,Africa,Africa,North Africa,developing,1996,Industry,Other (industry),CH4,28,27.0,431.72856,12088.39968,11656.67112
MAR,Morocco,Africa,Africa,North Africa,developing,1996,Industry,Other (industry),N2O,265,273.0,78.065017,20687.229505,21311.749641
MAR,Morocco,Africa,Africa,North Africa,developing,1996,Industry,Other (industry),HFC-125,3170,3740.0,0.0,0.0,0.0
MAR,Morocco,Africa,Africa,North Africa,developing,1996,Industry,Other (industry),HFC-134a,1300,1530.0,15.256253,19833.1289,23342.06709
MAR,Morocco,Africa,Africa,North Africa,developing,1996,Industry,Other (industry),HFC-143a,4800,5810.0,2.565133,12312.6384,14903.42273
MAR,Morocco,Africa,Africa,North Africa,developing,1996,Industry,Other (industry),HFC-245fa,858,962.0,0.0,0.0,0.0
MAR,Morocco,Africa,Africa,North Africa,developing,1996,Industry,Other (industry),HFC-32,677,771.0,0.0,0.0,0.0
MAR,Morocco,Africa,Africa,North Africa,developing,1996,Industry,Other (industry),HFC-365mfc,804,914.0,0.0,0.0,0.0
MAR,Morocco,Africa,Africa,North Africa,developing,1996,Industry,Waste,CH4,28,27.0,420634.65092,11777770.22576,11357135.57484
MAR,Morocco,Africa,Africa,North Africa,developing,1996,Industry,Waste,N2O,265,273.0,1447.561,383603.665,395184.153
MAR,Morocco,Africa,Africa,North Africa,developing,1996,Transport,Other (transport),CO2,1,1.0,991458.0,991458.0,991458.0
MAR,Morocco,Africa,Africa,North Africa,developing,1996,Transport,Other (transport),CH4,28,27.0,55.527,1554.756,1499.229
MAR,Morocco,Africa,Africa,North Africa,developing,1996,Transport,Other (transport),N2O,265,273.0,382.668,101407.02,104468.364
MAR,Morocco,Africa,Africa,North Africa,developing,1996,Transport,Road,CO2,1,1.0,6397332.02,6397332.02,6397332.02
MAR,Morocco,Africa,Africa,North Africa,developing,1996,Transport,Road,CH4,28,27.0,635.0200209,17780.5605852,17145.540564299998
MAR,Morocco,Africa,Africa,North Africa,developing,1996,Transport,Road,N2O,265,273.0,80.846581,21424.343965,22071.116613
MAR,Morocco,Africa,Africa,North Africa,developing,1997,AFOLU,"Biomass burning (CH4, N2O)",CH4,28,27.0,196.96842834,5515.11599352,5318.14756518
MAR,Morocco,Africa,Africa,North Africa,developing,1997,AFOLU,"Biomass burning (CH4, N2O)",N2O,265,273.0,5.1065762021,1353.2426935565002,1394.0953031733002
MAR,Morocco,Africa,Africa,North Africa,developing,1997,AFOLU,Enteric Fermentation (CH4),CH4,28,27.0,226486.6,6341624.8,6115138.2
MAR,Morocco,Africa,Africa,North Africa,developing,1997,AFOLU,"Managed soils and pasture (CO2, N2O)",CO2,1,1.0,285654.0,285654.0,285654.0
MAR,Morocco,Africa,Africa,North Africa,developing,1997,AFOLU,"Managed soils and pasture (CO2, N2O)",N2O,265,273.0,10658.04457053,2824381.81119045,2909646.16775469
MAR,Morocco,Africa,Africa,North Africa,developing,1997,AFOLU,"Manure management (N2O, CH4)",CH4,28,27.0,9145.40692,256071.39376,246925.98684
MAR,Morocco,Africa,Africa,North Africa,developing,1997,AFOLU,"Manure management (N2O, CH4)",N2O,265,273.0,138.95652176,36823.4782664,37935.13044048
MAR,Morocco,Africa,Africa,North Africa,developing,1997,AFOLU,Rice cultivation (CH4),CH4,28,27.0,1164.337,32601.436,31437.099
MAR,Morocco,Africa,Africa,North Africa,developing,1997,AFOLU,Synthetic fertilizer application (N2O),N2O,265,273.0,2735.805,724988.325,746874.7649999999
MAR,Morocco,Africa,Africa,North Africa,developing,1997,Buildings,Non-CO2 (all buildings),HFC-152a,138,164.0,49.329593,6807.483834000001,8090.053252000001
MAR,Morocco,Africa,Africa,North Africa,developing,1997,Buildings,Non-CO2 (all buildings),HFC-227ea,3350,3600.0,0.685993,2298.07655,2469.5748
MAR,Morocco,Africa,Africa,North Africa,developing,1997,Buildings,Non-residential,CO2,1,1.0,125380.0,125380.0,125380.0
MAR,Morocco,Africa,Africa,North Africa,developing,1997,Buildings,Non-residential,CH4,28,27.0,6916.335,193657.38,186741.045
MAR,Morocco,Africa,Africa,North Africa,developing,1997,Buildings,Non-residential,N2O,265,273.0,92.1807,24427.8855,25165.3311
MAR,Morocco,Africa,Africa,North Africa,developing,1997,Buildings,Residential,CO2,1,1.0,2800748.0,2800748.0,2800748.0
MAR,Morocco,Africa,Africa,North Africa,developing,1997,Buildings,Residential,CH4,28,27.0,6850.6434,191818.0152,184967.3718
MAR,Morocco,Africa,Africa,North Africa,developing,1997,Buildings,Residential,N2O,265,273.0,94.9188,25153.482,25912.832400000003
MAR,Morocco,Africa,Africa,North Africa,developing,1997,Energy systems,Coal mining fugitive emissions,CO2,1,1.0,3300.23,3300.23,3300.23
MAR,Morocco,Africa,Africa,North Africa,developing,1997,Energy systems,Coal mining fugitive emissions,CH4,30,29.8,5201.44,156043.19999999998,155002.91199999998
MAR,Morocco,Africa,Africa,North Africa,developing,1997,Energy systems,Electricity & heat,CO2,1,1.0,10323595.23,10323595.23,10323595.23
MAR,Morocco,Africa,Africa,North Africa,developing,1997,Energy systems,Electricity & heat,CH4,28,27.0,123.437884,3456.260752,3332.822868
MAR,Morocco,Africa,Africa,North Africa,developing,1997,Energy systems,Electricity & heat,N2O,265,273.0,113.1742498,29991.176197,30896.5701954
MAR,Morocco,Africa,Africa,North Africa,developing,1997,Energy systems,Oil and gas fugitive emissions,CO2,1,1.0,31.73384,31.73384,31.73384
MAR,Morocco,Africa,Africa,North Africa,developing,1997,Energy systems,Oil and gas fugitive emissions,CH4,30,29.8,2434.00269,73020.08069999999,72533.280162
MAR,Morocco,Africa,Africa,North Africa,developing,1997,Energy systems,Oil and gas fugitive emissions,N2O,265,273.0,0.000874682,0.23179073,0.238788186
MAR,Morocco,Africa,Africa,North Africa,developing,1997,Energy systems,Other (energy systems),CO2,1,1.0,122351.0,122351.0,122351.0
MAR,Morocco,Africa,Africa,North Africa,developing,1997,Energy systems,Other (energy systems),CH4,28,27.0,1441.895,40373.06,38931.165
MAR,Morocco,Africa,Africa,North Africa,developing,1997,Energy systems,Other (energy systems),N2O,265,273.0,724.4916,191990.274,197786.2068
MAR,Morocco,Africa,Africa,North Africa,developing,1997,Energy systems,Petroleum refining,CO2,1,1.0,310291.0,310291.0,310291.0
MAR,Morocco,Africa,Africa,North Africa,developing,1997,Energy systems,Petroleum refining,CH4,28,27.0,5.387,150.83599999999998,145.44899999999998
MAR,Morocco,Africa,Africa,North Africa,developing,1997,Energy systems,Petroleum refining,N2O,265,273.0,0.5387,142.75549999999998,147.0651
MAR,Morocco,Africa,Africa,North Africa,developing,1997,Industry,Cement,CO2,1,1.0,3033560.0,3033560.0,3033560.0
MAR,Morocco,Africa,Africa,North Africa,developing,1997,Industry,Chemicals,CO2,1,1.0,137135.349,137135.349,137135.349
MAR,Morocco,Africa,Africa,North Africa,developing,1997,Industry,Chemicals,N2O,265,273.0,91.66784,24291.9776,25025.32032
MAR,Morocco,Africa,Africa,North Africa,developing,1997,Industry,Metals,CO2,1,1.0,33217.4,33217.4,33217.4
MAR,Morocco,Africa,Africa,North Africa,developing,1997,Industry,Metals,CH4,30,29.8,0.35,10.5,10.43
MAR,Morocco,Africa,Africa,North Africa,developing,1997,Industry,Other (industry),CO2,1,1.0,5432263.8,5432263.8,5432263.8
MAR,Morocco,Africa,Africa,North Africa,developing,1997,Industry,Other (industry),CH4,28,27.0,401.7785,11249.798,10848.0195
MAR,Morocco,Africa,Africa,North Africa,developing,1997,Industry,Other (industry),N2O,265,273.0,73.137099,19381.331235,19966.428027
MAR,Morocco,Africa,Africa,North Africa,developing,1997,Industry,Other (industry),HFC-125,3170,3740.0,0.0,0.0,0.0
MAR,Morocco,Africa,Africa,North Africa,developing,1997,Industry,Other (industry),HFC-134a,1300,1530.0,19.719571,25635.4423,30170.94363
MAR,Morocco,Africa,Africa,North Africa,developing,1997,Industry,Other (industry),HFC-143a,4800,5810.0,4.014571,19269.9408,23324.65751
MAR,Morocco,Africa,Africa,North Africa,developing,1997,Industry,Other (industry),HFC-245fa,858,962.0,0.0,0.0,0.0
MAR,Morocco,Africa,Africa,North Africa,developing,1997,Industry,Other (industry),HFC-32,677,771.0,0.0,0.0,0.0
MAR,Morocco,Africa,Africa,North Africa,developing,1997,Industry,Other (industry),HFC-365mfc,804,914.0,0.0,0.0,0.0
MAR,Morocco,Africa,Africa,North Africa,developing,1997,Industry,Waste,CH4,28,27.0,428483.67515,11997542.9042,11569059.22905
MAR,Morocco,Africa,Africa,North Africa,developing,1997,Industry,Waste,N2O,265,273.0,1463.351,387788.015,399494.823
MAR,Morocco,Africa,Africa,North Africa,developing,1997,Transport,Other (transport),CO2,1,1.0,991458.0,991458.0,991458.0
MAR,Morocco,Africa,Africa,North Africa,developing,1997,Transport,Other (transport),CH4,28,27.0,55.527,1554.756,1499.229
MAR,Morocco,Africa,Africa,North Africa,developing,1997,Transport,Other (transport),N2O,265,273.0,382.668,101407.02,104468.364
MAR,Morocco,Africa,Africa,North Africa,developing,1997,Transport,Road,CO2,1,1.0,6833218.8,6833218.8,6833218.8
MAR,Morocco,Africa,Africa,North Africa,developing,1997,Transport,Road,CH4,28,27.0,643.309702,18012.671656,17369.361954
MAR,Morocco,Africa,Africa,North Africa,developing,1997,Transport,Road,N2O,265,273.0,85.7082048,22712.674272,23398.3399104
MAR,Morocco,Africa,Africa,North Africa,developing,1998,AFOLU,"Biomass burning (CH4, N2O)",CH4,28,27.0,288.73587452,8084.60448656,7795.86861204
MAR,Morocco,Africa,Africa,North Africa,developing,1998,AFOLU,"Biomass burning (CH4, N2O)",N2O,265,273.0,7.4857505389,1983.7238928085,2043.6098971197
MAR,Morocco,Africa,Africa,North Africa,developing,1998,AFOLU,Enteric Fermentation (CH4),CH4,28,27.0,225314.0,6308792.0,6083478.0
MAR,Morocco,Africa,Africa,North Africa,developing,1998,AFOLU,"Managed soils and pasture (CO2, N2O)",CO2,1,1.0,281097.0,281097.0,281097.0
MAR,Morocco,Africa,Africa,North Africa,developing,1998,AFOLU,"Managed soils and pasture (CO2, N2O)",N2O,265,273.0,10809.68624867,2864566.85589755,2951044.34588691
MAR,Morocco,Africa,Africa,North Africa,developing,1998,AFOLU,"Manure management (N2O, CH4)",CH4,28,27.0,9129.6524,255630.26720000003,246500.6148
MAR,Morocco,Africa,Africa,North Africa,developing,1998,AFOLU,"Manure management (N2O, CH4)",N2O,265,273.0,133.9220259,35489.3368635,36560.7130707
MAR,Morocco,Africa,Africa,North Africa,developing,1998,AFOLU,Rice cultivation (CH4),CH4,28,27.0,490.909,13745.452,13254.543
MAR,Morocco,Africa,Africa,North Africa,developing,1998,AFOLU,Synthetic fertilizer application (N2O),N2O,265,273.0,2765.662,732900.4299999999,755025.7259999999
MAR,Morocco,Africa,Africa,North Africa,developing,1998,Buildings,Non-CO2 (all buildings),HFC-152a,138,164.0,57.133052,7884.361176,9369.820528
MAR,Morocco,Africa,Africa,North Africa,developing,1998,Buildings,Non-CO2 (all buildings),HFC-227ea,3350,3600.0,1.348848,4518.6408,4855.852800000001
MAR,Morocco,Africa,Africa,North Africa,developing,1998,Buildings,Non-residential,CO2,1,1.0,131311.0,131311.0,131311.0
MAR,Morocco,Africa,Africa,North Africa,developing,1998,Buildings,Non-residential,CH4,28,27.0,7005.005,196140.14,189135.135
MAR,Morocco,Africa,Africa,North Africa,developing,1998,Buildings,Non-residential,N2O,265,273.0,93.3661,24742.0165,25488.9453
MAR,Morocco,Africa,Africa,North Africa,developing,1998,Buildings,Residential,CO2,1,1.0,2943200.0,2943200.0,2943200.0
MAR,Morocco,Africa,Africa,North Africa,developing,1998,Buildings,Residential,CH4,28,27.0,6952.7313,194676.4764,187723.7451
MAR,Morocco,Africa,Africa,North Africa,developing,1998,Buildings,Residential,N2O,265,273.0,96.6198,25604.247,26377.2054
MAR,Morocco,Africa,Africa,North Africa,developing,1998,Energy systems,Coal mining fugitive emissions,CO2,1,1.0,2360.99,2360.99,2360.99
MAR,Morocco,Africa,Africa,North Africa,developing,1998,Energy systems,Coal mining fugitive emissions,CH4,30,29.8,3721.13,111633.9,110889.674
MAR,Morocco,Africa,Africa,North Africa,developing,1998,Energy systems,Electricity & heat,CO2,1,1.0,10306100.128,10306100.128,10306100.128
MAR,Morocco,Africa,Africa,North Africa,developing,1998,Energy systems,Electricity & heat,CH4,28,27.0,113.852199,3187.861572,3074.009373
MAR,Morocco,Africa,Africa,North Africa,developing,1998,Energy systems,Electricity & heat,N2O,265,273.0,125.9926328,33388.047692,34395.9887544
MAR,Morocco,Africa,Africa,North Africa,developing,1998,Energy systems,Oil and gas fugitive emissions,CO2,1,1.0,31.609177,31.609177,31.609177
MAR,Morocco,Africa,Africa,North Africa,developing,1998,Energy systems,Oil and gas fugitive emissions,CH4,30,29.8,2631.51438,78945.4314,78419.128524
MAR,Morocco,Africa,Africa,North Africa,developing,1998,Energy systems,Oil and gas fugitive emissions,N2O,265,273.0,0.000874682,0.23179073,0.238788186
MAR,Morocco,Africa,Africa,North Africa,developing,1998,Energy systems,Other (energy systems),CO2,1,1.0,128345.0,128345.0,128345.0
MAR,Morocco,Africa,Africa,North Africa,developing,1998,Energy systems,Other (energy systems),CH4,28,27.0,1442.37,40386.36,38943.99
MAR,Morocco,Africa,Africa,North Africa,developing,1998,Energy systems,Other (energy systems),N2O,265,273.0,744.1365,197196.1725,203149.2645
MAR,Morocco,Africa,Africa,North Africa,developing,1998,Energy systems,Petroleum refining,CO2,1,1.0,318643.0,318643.0,318643.0
MAR,Morocco,Africa,Africa,North Africa,developing,1998,Energy systems,Petroleum refining,CH4,28,27.0,5.532,154.89600000000002,149.364
MAR,Morocco,Africa,Africa,North Africa,developing,1998,Energy systems,Petroleum refining,N2O,265,273.0,0.5532,146.598,151.02360000000002
MAR,Morocco,Africa,Africa,North Africa,developing,1998,Industry,Cement,CO2,1,1.0,3097380.0,3097380.0,3097380.0
MAR,Morocco,Africa,Africa,North Africa,developing,1998,Industry,Chemicals,CO2,1,1.0,145533.848,145533.848,145533.848
MAR,Morocco,Africa,Africa,North Africa,developing,1998,Industry,Chemicals,N2O,265,273.0,92.81888,24597.0032,25339.55424
MAR,Morocco,Africa,Africa,North Africa,developing,1998,Industry,Metals,CO2,1,1.0,32071.2,32071.2,32071.2
MAR,Morocco,Africa,Africa,North Africa,developing,1998,Industry,Metals,CH4,30,29.8,0.35,10.5,10.43
MAR,Morocco,Africa,Africa,North Africa,developing,1998,Industry,Other (industry),CO2,1,1.0,5453799.9,5453799.9,5453799.9
MAR,Morocco,Africa,Africa,North Africa,developing,1998,Industry,Other (industry),CH4,28,27.0,385.1248,10783.4944,10398.3696
MAR,Morocco,Africa,Africa,North Africa,developing,1998,Industry,Other (industry),N2O,265,273.0,73.431273,19459.287345,20046.737529
MAR,Morocco,Africa,Africa,North Africa,developing,1998,Industry,Other (industry),HFC-125,3170,3740.0,0.170902,541.75934,639.17348
MAR,Morocco,Africa,Africa,North Africa,developing,1998,Industry,Other (industry),HFC-134a,1300,1530.0,24.18289,31437.757,36999.8217
MAR,Morocco,Africa,Africa,North Africa,developing,1998,Industry,Other (industry),HFC-143a,4800,5810.0,6.067259,29122.8432,35250.77479
MAR,Morocco,Africa,Africa,North Africa,developing,1998,Industry,Other (industry),HFC-245fa,858,962.0,0.0,0.0,0.0
MAR,Morocco,Africa,Africa,North Africa,developing,1998,Industry,Other (industry),HFC-32,677,771.0,0.0,0.0,0.0
MAR,Morocco,Africa,Africa,North Africa,developing,1998,Industry,Other (industry),HFC-365mfc,804,914.0,0.0,0.0,0.0
MAR,Morocco,Africa,Africa,North Africa,developing,1998,Industry,Waste,CH4,28,27.0,440998.56748,12347959.88944,11906961.32196
MAR,Morocco,Africa,Africa,North Africa,developing,1998,Industry,Waste,N2O,265,273.0,1482.125,392763.125,404620.125
MAR,Morocco,Africa,Africa,North Africa,developing,1998,Transport,Other (transport),CO2,1,1.0,1062000.0,1062000.0,1062000.0
MAR,Morocco,Africa,Africa,North Africa,developing,1998,Transport,Other (transport),CH4,28,27.0,59.4778,1665.3784,1605.9006
MAR,Morocco,Africa,Africa,North Africa,developing,1998,Transport,Other (transport),N2O,265,273.0,409.895,108622.175,111901.335
MAR,Morocco,Africa,Africa,North Africa,developing,1998,Transport,Road,CO2,1,1.0,7269037.22,7269037.22,7269037.22
MAR,Morocco,Africa,Africa,North Africa,developing,1998,Transport,Road,CH4,28,27.0,650.83201,18223.29628,17572.46427
MAR,Morocco,Africa,Africa,North Africa,developing,1998,Transport,Road,N2O,265,273.0,90.5498177,23995.7016905,24720.1002321
MAR,Morocco,Africa,Africa,North Africa,developing,1999,AFOLU,"Biomass burning (CH4, N2O)",CH4,28,27.0,194.89739596,5457.12708688,5262.22969092
MAR,Morocco,Africa,Africa,North Africa,developing,1999,AFOLU,"Biomass burning (CH4, N2O)",N2O,265,273.0,5.052898102,1339.01799703,1379.441181846
MAR,Morocco,Africa,Africa,North Africa,developing,1999,AFOLU,Enteric Fermentation (CH4),CH4,28,27.0,235438.6,6592280.8,6356842.2
MAR,Morocco,Africa,Africa,North Africa,developing,1999,AFOLU,"Managed soils and pasture (CO2, N2O)",CO2,1,1.0,322520.0,322520.0,322520.0
MAR,Morocco,Africa,Africa,North Africa,developing,1999,AFOLU,"Managed soils and pasture (CO2, N2O)",N2O,265,273.0,10957.95438073,2903857.91089345,2991521.54593929
MAR,Morocco,Africa,Africa,North Africa,developing,1999,AFOLU,"Manure management (N2O, CH4)",CH4,28,27.0,10111.1606,283112.4968,273001.3362
MAR,Morocco,Africa,Africa,North Africa,developing,1999,AFOLU,"Manure management (N2O, CH4)",N2O,265,273.0,155.40223929,41181.59341185,42424.811326170005
MAR,Morocco,Africa,Africa,North Africa,developing,1999,AFOLU,Rice cultivation (CH4),CH4,28,27.0,1000.755,28021.14,27020.385
MAR,Morocco,Africa,Africa,North Africa,developing,1999,AFOLU,Synthetic fertilizer application (N2O),N2O,265,273.0,3188.368,844917.52,870424.464
MAR,Morocco,Africa,Africa,North Africa,developing,1999,Buildings,Non-CO2 (all buildings),HFC-152a,138,164.0,64.308293,8874.544434000001,10546.560052
MAR,Morocco,Africa,Africa,North Africa,developing,1999,Buildings,Non-CO2 (all buildings),HFC-227ea,3350,3600.0,2.085557,6986.61595,7508.0052
MAR,Morocco,Africa,Africa,North Africa,developing,1999,Buildings,Non-residential,CO2,1,1.0,140271.0,140271.0,140271.0
MAR,Morocco,Africa,Africa,North Africa,developing,1999,Buildings,Non-residential,CH4,28,27.0,7089.415,198503.62,191414.205
MAR,Morocco,Africa,Africa,North Africa,developing,1999,Buildings,Non-residential,N2O,265,273.0,94.4963,25041.5195,25797.4899
MAR,Morocco,Africa,Africa,North Africa,developing,1999,Buildings,Residential,CO2,1,1.0,3132634.6,3132634.6,3132634.6
MAR,Morocco,Africa,Africa,North Africa,developing,1999,Buildings,Residential,CH4,28,27.0,7053.0992,197486.7776,190433.6784
MAR,Morocco,Africa,Africa,North Africa,developing,1999,Buildings,Residential,N2O,265,273.0,98.2288,26030.632,26816.4624
MAR,Morocco,Africa,Africa,North Africa,developing,1999,Energy systems,Coal mining fugitive emissions,CO2,1,1.0,1132.39,1132.39,1132.39
MAR,Morocco,Africa,Africa,North Africa,developing,1999,Energy systems,Coal mining fugitive emissions,CH4,30,29.8,1784.75,53542.5,53185.55
MAR,Morocco,Africa,Africa,North Africa,developing,1999,Energy systems,Electricity & heat,CO2,1,1.0,10624914.638,10624914.638,10624914.638
MAR,Morocco,Africa,Africa,North Africa,developing,1999,Energy systems,Electricity & heat,CH4,28,27.0,130.960708,3666.899824,3535.9391160000005
MAR,Morocco,Africa,Africa,North Africa,developing,1999,Energy systems,Electricity & heat,N2O,265,273.0,120.538504,31942.70356,32907.011592
MAR,Morocco,Africa,Africa,North Africa,developing,1999,Energy systems,Oil and gas fugitive emissions,CO2,1,1.0,29.80293,29.80293,29.80293
MAR,Morocco,Africa,Africa,North Africa,developing,1999,Energy systems,Oil and gas fugitive emissions,CH4,30,29.8,3116.70799,93501.2397,92877.898102
MAR,Morocco,Africa,Africa,North Africa,developing,1999,Energy systems,Oil and gas fugitive emissions,N2O,265,273.0,0.000801635,0.212433275,0.218846355
MAR,Morocco,Africa,Africa,North Africa,developing,1999,Energy systems,Other (energy systems),CO2,1,1.0,137306.0,137306.0,137306.0
MAR,Morocco,Africa,Africa,North Africa,developing,1999,Energy systems,Other (energy systems),CH4,28,27.0,1443.08,40406.24,38963.16
MAR,Morocco,Africa,Africa,North Africa,developing,1999,Energy systems,Other (energy systems),N2O,265,273.0,784.268,207831.02,214105.164
MAR,Morocco,Africa,Africa,North Africa,developing,1999,Energy systems,Petroleum refining,CO2,1,1.0,379584.0,379584.0,379584.0
MAR,Morocco,Africa,Africa,North Africa,developing,1999,Energy systems,Petroleum refining,CH4,28,27.0,6.59,184.52,177.93
MAR,Morocco,Africa,Africa,North Africa,developing,1999,Energy systems,Petroleum refining,N2O,265,273.0,0.659,174.63500000000002,179.907
MAR,Morocco,Africa,Africa,North Africa,developing,1999,Industry,Cement,CO2,1,1.0,3140010.0,3140010.0,3140010.0
MAR,Morocco,Africa,Africa,North Africa,developing,1999,Industry,Chemicals,CO2,1,1.0,146740.243,146740.243,146740.243
MAR,Morocco,Africa,Africa,North Africa,developing,1999,Industry,Chemicals,N2O,265,273.0,93.9373,24893.3845,25644.8829
MAR,Morocco,Africa,Africa,North Africa,developing,1999,Industry,Metals,CO2,1,1.0,33764.4,33764.4,33764.4
MAR,Morocco,Africa,Africa,North Africa,developing,1999,Industry,Metals,CH4,30,29.8,0.35,10.5,10.43
MAR,Morocco,Africa,Africa,North Africa,developing,1999,Industry,Other (industry),CO2,1,1.0,5842042.8,5842042.8,5842042.8
MAR,Morocco,Africa,Africa,North Africa,developing,1999,Industry,Other (industry),CH4,28,27.0,427.743,11976.804,11549.061
MAR,Morocco,Africa,Africa,North Africa,developing,1999,Industry,Other (industry),N2O,265,273.0,77.881654,20638.63831,21261.691542
MAR,Morocco,Africa,Africa,North Africa,developing,1999,Industry,Other (industry),HFC-125,3170,3740.0,3.755333,11904.40561,14044.94542
MAR,Morocco,Africa,Africa,North Africa,developing,1999,Industry,Other (industry),HFC-134a,1300,1530.0,28.646208,37240.0704,43828.698240000005
MAR,Morocco,Africa,Africa,North Africa,developing,1999,Industry,Other (industry),HFC-143a,4800,5810.0,8.558012,41078.4576,49722.04972
MAR,Morocco,Africa,Africa,North Africa,developing,1999,Industry,Other (industry),HFC-245fa,858,962.0,0.0,0.0,0.0
MAR,Morocco,Africa,Africa,North Africa,developing,1999,Industry,Other (industry),HFC-32,677,771.0,1.404993,951.180261,1083.249603
MAR,Morocco,Africa,Africa,North Africa,developing,1999,Industry,Other (industry),HFC-365mfc,804,914.0,0.195053,156.822612,178.278442
MAR,Morocco,Africa,Africa,North Africa,developing,1999,Industry,Waste,CH4,28,27.0,449320.1732,12580964.8496,12131644.6764
MAR,Morocco,Africa,Africa,North Africa,developing,1999,Industry,Waste,N2O,265,273.0,1499.863,397463.695,409462.599
MAR,Morocco,Africa,Africa,North Africa,developing,1999,Transport,Other (transport),CO2,1,1.0,1132620.0,1132620.0,1132620.0
MAR,Morocco,Africa,Africa,North Africa,developing,1999,Transport,Other (transport),CH4,28,27.0,63.4327,1776.1156,1712.6829
MAR,Morocco,Africa,Africa,North Africa,developing,1999,Transport,Other (transport),N2O,265,273.0,437.151,115845.015,119342.223
MAR,Morocco,Africa,Africa,North Africa,developing,1999,Transport,Road,CO2,1,1.0,7763831.95,7763831.95,7763831.95
MAR,Morocco,Africa,Africa,North Africa,developing,1999,Transport,Road,CH4,28,27.0,675.297062,18908.317736,18233.020674
MAR,Morocco,Africa,Africa,North Africa,developing,1999,Transport,Road,N2O,265,273.0,98.6339419,26137.9946035,26927.0661387
MAR,Morocco,Africa,Africa,North Africa,developing,2000,AFOLU,"Biomass burning (CH4, N2O)",CH4,28,27.0,150.09776973,4202.73755244,4052.63978271
MAR,Morocco,Africa,Africa,North Africa,developing,2000,AFOLU,"Biomass burning (CH4, N2O)",N2O,265,273.0,3.8914192507,1031.2261014355,1062.3574554411
MAR,Morocco,Africa,Africa,North Africa,developing,2000,AFOLU,Enteric Fermentation (CH4),CH4,28,27.0,246230.1,6894442.8,6648212.7
MAR,Morocco,Africa,Africa,North Africa,developing,2000,AFOLU,"Managed soils and pasture (CO2, N2O)",CO2,1,1.0,343482.8,343482.8,343482.8
MAR,Morocco,Africa,Africa,North Africa,developing,2000,AFOLU,"Managed soils and pasture (CO2, N2O)",N2O,265,273.0,11254.40930052,2982418.4646378,3072453.73904196
MAR,Morocco,Africa,Africa,North Africa,developing,2000,AFOLU,"Manure management (N2O, CH4)",CH4,28,27.0,10335.5557,289395.55960000004,279060.0039
MAR,Morocco,Africa,Africa,North Africa,developing,2000,AFOLU,"Manure management (N2O, CH4)",N2O,265,273.0,158.05278206,41883.9872459,43148.40950238
MAR,Morocco,Africa,Africa,North Africa,developing,2000,AFOLU,Rice cultivation (CH4),CH4,28,27.0,712.646,19954.088,19241.442
MAR,Morocco,Africa,Africa,North Africa,developing,2000,AFOLU,Synthetic fertilizer application (N2O),N2O,265,273.0,3262.225,864489.625,890587.4249999999
MAR,Morocco,Africa,Africa,North Africa,developing,2000,Buildings,Non-CO2 (all buildings),HFC-152a,138,164.0,69.075716,9532.448808,11328.417424
MAR,Morocco,Africa,Africa,North Africa,developing,2000,Buildings,Non-CO2 (all buildings),HFC-227ea,3350,3600.0,3.218361,10781.509349999998,11586.0996
MAR,Morocco,Africa,Africa,North Africa,developing,2000,Buildings,Non-residential,CO2,1,1.0,143237.0,143237.0,143237.0
MAR,Morocco,Africa,Africa,North Africa,developing,2000,Buildings,Non-residential,CH4,28,27.0,7168.55,200719.4,193550.85
MAR,Morocco,Africa,Africa,North Africa,developing,2000,Buildings,Non-residential,N2O,265,273.0,95.553,25321.545,26085.969
MAR,Morocco,Africa,Africa,North Africa,developing,2000,Buildings,Residential,CO2,1,1.0,3192538.3,3192538.3,3192538.3
MAR,Morocco,Africa,Africa,North Africa,developing,2000,Buildings,Residential,CH4,28,27.0,7137.3871,199846.8388,192709.4517
MAR,Morocco,Africa,Africa,North Africa,developing,2000,Buildings,Residential,N2O,265,273.0,99.4238,26347.307,27142.6974
MAR,Morocco,Africa,Africa,North Africa,developing,2000,Energy systems,Coal mining fugitive emissions,CO2,1,1.0,272.149,272.149,272.149
MAR,Morocco,Africa,Africa,North Africa,developing,2000,Energy systems,Coal mining fugitive emissions,CH4,30,29.8,428.93,12867.9,12782.114
MAR,Morocco,Africa,Africa,North Africa,developing,2000,Energy systems,Electricity & heat,CO2,1,1.0,10878499.143,10878499.143,10878499.143
MAR,Morocco,Africa,Africa,North Africa,developing,2000,Energy systems,Electricity & heat,CH4,28,27.0,113.5327155,3178.916034,3065.3833185
MAR,Morocco,Africa,Africa,North Africa,developing,2000,Energy systems,Electricity & heat,N2O,265,273.0,137.5861117,36460.3196005,37561.0084941
MAR,Morocco,Africa,Africa,North Africa,developing,2000,Energy systems,Oil and gas fugitive emissions,CO2,1,1.0,34.35579,34.35579,34.35579
MAR,Morocco,Africa,Africa,North Africa,developing,2000,Energy systems,Oil and gas fugitive emissions,CH4,30,29.8,3146.44619,94393.3857,93764.096462
MAR,Morocco,Africa,Africa,North Africa,developing,2000,Energy systems,Oil and gas fugitive emissions,N2O,265,273.0,0.000947728,0.25114792,0.258729744
MAR,Morocco,Africa,Africa,North Africa,developing,2000,Energy systems,Other (energy systems),CO2,1,1.0,140271.0,140271.0,140271.0
MAR,Morocco,Africa,Africa,North Africa,developing,2000,Energy systems,Other (energy systems),CH4,28,27.0,1443.315,40412.82,38969.505000000005
MAR,Morocco,Africa,Africa,North Africa,developing,2000,Energy systems,Other (energy systems),N2O,265,273.0,792.7744,210085.216,216427.4112
MAR,Morocco,Africa,Africa,North Africa,developing,2000,Energy systems,Petroleum refining,CO2,1,1.0,357408.0,357408.0,357408.0
MAR,Morocco,Africa,Africa,North Africa,developing,2000,Energy systems,Petroleum refining,CH4,28,27.0,6.205,173.74,167.535
MAR,Morocco,Africa,Africa,North Africa,developing,2000,Energy systems,Petroleum refining,N2O,265,273.0,0.6205,164.4325,169.3965
MAR,Morocco,Africa,Africa,North Africa,developing,2000,Industry,Cement,CO2,1,1.0,3361500.0,3361500.0,3361500.0
MAR,Morocco,Africa,Africa,North Africa,developing,2000,Industry,Chemicals,CO2,1,1.0,143109.8412,143109.8412,143109.8412
MAR,Morocco,Africa,Africa,North Africa,developing,2000,Industry,Chemicals,N2O,265,273.0,95.04025,25185.66625,25945.98825
MAR,Morocco,Africa,Africa,North Africa,developing,2000,Industry,Metals,CO2,1,1.0,34582.2,34582.2,34582.2
MAR,Morocco,Africa,Africa,North Africa,developing,2000,Industry,Metals,CH4,30,29.8,0.35,10.5,10.43
MAR,Morocco,Africa,Africa,North Africa,developing,2000,Industry,Other (industry),CO2,1,1.0,5602162.1,5602162.1,5602162.1
MAR,Morocco,Africa,Africa,North Africa,developing,2000,Industry,Other (industry),CH4,28,27.0,444.1717,12436.8076,11992.6359
MAR,Morocco,Africa,Africa,North Africa,developing,2000,Industry,Other (industry),N2O,265,273.0,80.840743,21422.796895,22069.522839
MAR,Morocco,Africa,Africa,North Africa,developing,2000,Industry,Other (industry),HFC-125,3170,3740.0,10.28641,32607.9197,38471.1734
MAR,Morocco,Africa,Africa,North Africa,developing,2000,Industry,Other (industry),HFC-134a,1300,1530.0,65.501733,85152.2529,100217.65149
MAR,Morocco,Africa,Africa,North Africa,developing,2000,Industry,Other (industry),HFC-143a,4800,5810.0,11.308263,54279.6624,65701.00803
MAR,Morocco,Africa,Africa,North Africa,developing,2000,Industry,Other (industry),HFC-245fa,858,962.0,0.0,0.0,0.0
MAR,Morocco,Africa,Africa,North Africa,developing,2000,Industry,Other (industry),HFC-32,677,771.0,2.809986,1902.360522,2166.499206
MAR,Morocco,Africa,Africa,North Africa,developing,2000,Industry,Other (industry),HFC-365mfc,804,914.0,0.390107,313.646028,356.557798
MAR,Morocco,Africa,Africa,North Africa,developing,2000,Industry,Waste,CH4,28,27.0,459111.8632,12855132.1696,12396020.3064
MAR,Morocco,Africa,Africa,North Africa,developing,2000,Industry,Waste,N2O,265,273.0,1529.526,405324.39,417560.598
MAR,Morocco,Africa,Africa,North Africa,developing,2000,Transport,Other (transport),CO2,1,1.0,1132620.0,1132620.0,1132620.0
MAR,Morocco,Africa,Africa,North Africa,developing,2000,Transport,Other (transport),CH4,28,27.0,63.4327,1776.1156,1712.6829
MAR,Morocco,Africa,Africa,North Africa,developing,2000,Transport,Other (transport),N2O,265,273.0,437.151,115845.015,119342.223
MAR,Morocco,Africa,Africa,North Africa,developing,2000,Transport,Road,CO2,1,1.0,8171806.42,8171806.42,8171806.42
MAR,Morocco,Africa,Africa,North Africa,developing,2000,Transport,Road,CH4,28,27.0,672.524962,18830.698936,18158.173974
MAR,Morocco,Africa,Africa,North Africa,developing,2000,Transport,Road,N2O,265,273.0,102.0180311,27034.7782415,27850.9224903
MAR,Morocco,Africa,Africa,North Africa,developing,2001,AFOLU,"Biomass burning (CH4, N2O)",CH4,28,27.0,222.91380247,6241.58646916,6018.67266669
MAR,Morocco,Africa,Africa,North Africa,developing,2001,AFOLU,"Biomass burning (CH4, N2O)",N2O,265,273.0,5.7792576029,1531.5032647684998,1577.7373255916998
MAR,Morocco,Africa,Africa,North Africa,developing,2001,AFOLU,Enteric Fermentation (CH4),CH4,28,27.0,244817.6,6854892.8,6610075.2
MAR,Morocco,Africa,Africa,North Africa,developing,2001,AFOLU,"Managed soils and pasture (CO2, N2O)",CO2,1,1.0,351308.6,351308.6,351308.6
MAR,Morocco,Africa,Africa,North Africa,developing,2001,AFOLU,"Managed soils and pasture (CO2, N2O)",N2O,265,273.0,11418.02811193,3025777.44966145,3117121.67455689
MAR,Morocco,Africa,Africa,North Africa,developing,2001,AFOLU,"Manure management (N2O, CH4)",CH4,28,27.0,10281.4074,287879.4072,277597.9998
MAR,Morocco,Africa,Africa,North Africa,developing,2001,AFOLU,"Manure management (N2O, CH4)",N2O,265,273.0,157.97107781,41862.33561965,43126.10424213
MAR,Morocco,Africa,Africa,North Africa,developing,2001,AFOLU,Rice cultivation (CH4),CH4,28,27.0,954.437,26724.236,25769.799
MAR,Morocco,Africa,Africa,North Africa,developing,2001,AFOLU,Synthetic fertilizer application (N2O),N2O,265,273.0,3315.654,878648.31,905173.542
MAR,Morocco,Africa,Africa,North Africa,developing,2001,Buildings,Non-CO2 (all buildings),HFC-152a,138,164.0,65.116914,8986.134132,10679.173895999998
MAR,Morocco,Africa,Africa,North Africa,developing,2001,Buildings,Non-CO2 (all buildings),HFC-227ea,3350,3600.0,4.404143,14753.87905,15854.9148
MAR,Morocco,Africa,Africa,North Africa,developing,2001,Buildings,Non-residential,CO2,1,1.0,149232.0,149232.0,149232.0
MAR,Morocco,Africa,Africa,North Africa,developing,2001,Buildings,Non-residential,CH4,28,27.0,7243.125,202807.5,195564.375
MAR,Morocco,Africa,Africa,North Africa,developing,2001,Buildings,Non-residential,N2O,265,273.0,96.5505,25585.8825,26358.2865
MAR,Morocco,Africa,Africa,North Africa,developing,2001,Buildings,Residential,CO2,1,1.0,3300406.0,3300406.0,3300406.0
MAR,Morocco,Africa,Africa,North Africa,developing,2001,Buildings,Residential,CH4,28,27.0,7217.77,202097.56,194879.79
MAR,Morocco,Africa,Africa,North Africa,developing,2001,Buildings,Residential,N2O,265,273.0,100.2727,26572.2655,27374.4471
MAR,Morocco,Africa,Africa,North Africa,developing,2001,Energy systems,Coal mining fugitive emissions,CO2,1,1.0,17.5942,17.5942,17.5942
MAR,Morocco,Africa,Africa,North Africa,developing,2001,Energy systems,Coal mining fugitive emissions,CH4,30,29.8,27.73,831.9,826.354
MAR,Morocco,Africa,Africa,North Africa,developing,2001,Energy systems,Electricity & heat,CO2,1,1.0,12865843.034,12865843.034,12865843.034
MAR,Morocco,Africa,Africa,North Africa,developing,2001,Energy systems,Electricity & heat,CH4,28,27.0,113.5398565,3179.115982,3065.5761255
MAR,Morocco,Africa,Africa,North Africa,developing,2001,Energy systems,Electricity & heat,N2O,265,273.0,170.7621659,45251.9739635,46618.071290700005
MAR,Morocco,Africa,Africa,North Africa,developing,2001,Energy systems,Oil and gas fugitive emissions,CO2,1,1.0,27.394118,27.394118,27.394118
MAR,Morocco,Africa,Africa,North Africa,developing,2001,Energy systems,Oil and gas fugitive emissions,CH4,30,29.8,3219.09449,96572.8347,95929.015802
MAR,Morocco,Africa,Africa,North Africa,developing,2001,Energy systems,Oil and gas fugitive emissions,N2O,265,273.0,0.000728589,0.1930760849999999,0.198904797
MAR,Morocco,Africa,Africa,North Africa,developing,2001,Energy systems,Other (energy systems),CO2,1,1.0,146266.0,146266.0,146266.0
MAR,Morocco,Africa,Africa,North Africa,developing,2001,Energy systems,Other (energy systems),CH4,28,27.0,1443.79,40426.12,38982.33
MAR,Morocco,Africa,Africa,North Africa,developing,2001,Energy systems,Other (energy systems),N2O,265,273.0,829.9203,219928.8795,226568.2419
MAR,Morocco,Africa,Africa,North Africa,developing,2001,Energy systems,Petroleum refining,CO2,1,1.0,362938.0,362938.0,362938.0
MAR,Morocco,Africa,Africa,North Africa,developing,2001,Energy systems,Petroleum refining,CH4,28,27.0,6.301,176.428,170.127
MAR,Morocco,Africa,Africa,North Africa,developing,2001,Energy systems,Petroleum refining,N2O,265,273.0,0.6301,166.9765,172.0173
MAR,Morocco,Africa,Africa,North Africa,developing,2001,Industry,Cement,CO2,1,1.0,4160000.0,4160000.0,4160000.0
MAR,Morocco,Africa,Africa,North Africa,developing,2001,Industry,Chemicals,CO2,1,1.0,153877.333,153877.333,153877.333
MAR,Morocco,Africa,Africa,North Africa,developing,2001,Industry,Chemicals,N2O,265,273.0,96.13463,25475.67695,26244.75399
MAR,Morocco,Africa,Africa,North Africa,developing,2001,Industry,Metals,CO2,1,1.0,30117.3,30117.3,30117.3
MAR,Morocco,Africa,Africa,North Africa,developing,2001,Industry,Metals,CH4,30,29.8,0.35,10.5,10.43
MAR,Morocco,Africa,Africa,North Africa,developing,2001,Industry,Other (industry),CO2,1,1.0,5641363.6,5641363.6,5641363.6
MAR,Morocco,Africa,Africa,North Africa,developing,2001,Industry,Other (industry),CH4,28,27.0,470.0962,13162.6936,12692.5974
MAR,Morocco,Africa,Africa,North Africa,developing,2001,Industry,Other (industry),N2O,265,273.0,82.957686,21983.78679,22647.448278
MAR,Morocco,Africa,Africa,North Africa,developing,2001,Industry,Other (industry),HFC-125,3170,3740.0,17.559847,55664.71499000001,65673.82778
MAR,Morocco,Africa,Africa,North Africa,developing,2001,Industry,Other (industry),HFC-134a,1300,1530.0,90.341865,117444.4245,138223.05345
MAR,Morocco,Africa,Africa,North Africa,developing,2001,Industry,Other (industry),HFC-143a,4800,5810.0,13.828147,66375.1056,80341.53407
MAR,Morocco,Africa,Africa,North Africa,developing,2001,Industry,Other (industry),HFC-245fa,858,962.0,0.0,0.0,0.0
MAR,Morocco,Africa,Africa,North Africa,developing,2001,Industry,Other (industry),HFC-32,677,771.0,4.214726,2853.369502,3249.553746
MAR,Morocco,Africa,Africa,North Africa,developing,2001,Industry,Other (industry),HFC-365mfc,804,914.0,0.58516,470.46864,534.83624
MAR,Morocco,Africa,Africa,North Africa,developing,2001,Industry,Waste,CH4,28,27.0,470508.9226,13174249.8328,12703740.9102
MAR,Morocco,Africa,Africa,North Africa,developing,2001,Industry,Waste,N2O,265,273.0,1547.139,409991.835,422368.947
MAR,Morocco,Africa,Africa,North Africa,developing,2001,Transport,Other (transport),CO2,1,1.0,1190340.0,1190340.0,1190340.0
MAR,Morocco,Africa,Africa,North Africa,developing,2001,Transport,Other (transport),CH4,28,27.0,66.6656,1866.6368,1799.9712
MAR,Morocco,Africa,Africa,North Africa,developing,2001,Transport,Other (transport),N2O,265,273.0,459.43,121748.95,125424.39
MAR,Morocco,Africa,Africa,North Africa,developing,2001,Transport,Road,CO2,1,1.0,8582802.49,8582802.49,8582802.49
MAR,Morocco,Africa,Africa,North Africa,developing,2001,Transport,Road,CH4,28,27.0,662.8711951,18560.3934628,17897.522267700002
MAR,Morocco,Africa,Africa,North Africa,developing,2001,Transport,Road,N2O,265,273.0,104.8668762,27789.722193,28628.6572026
MAR,Morocco,Africa,Africa,North Africa,developing,2002,AFOLU,"Biomass burning (CH4, N2O)",CH4,28,27.0,236.54954455,6623.3872474,6386.83770285
MAR,Morocco,Africa,Africa,North Africa,developing,2002,AFOLU,"Biomass burning (CH4, N2O)",N2O,265,273.0,6.1327728067,1625.1847937755,1674.2469762291
MAR,Morocco,Africa,Africa,North Africa,developing,2002,AFOLU,Enteric Fermentation (CH4),CH4,28,27.0,242117.5,6779290.0,6537172.5
MAR,Morocco,Africa,Africa,North Africa,developing,2002,AFOLU,"Managed soils and pasture (CO2, N2O)",CO2,1,1.0,329748.5,329748.5,329748.5
MAR,Morocco,Africa,Africa,North Africa,developing,2002,AFOLU,"Managed soils and pasture (CO2, N2O)",N2O,265,273.0,11368.10086316,3012546.7287374,3103491.53564268
MAR,Morocco,Africa,Africa,North Africa,developing,2002,AFOLU,"Manure management (N2O, CH4)",CH4,28,27.0,10157.8841,284420.7548,274262.8707
MAR,Morocco,Africa,Africa,North Africa,developing,2002,AFOLU,"Manure management (N2O, CH4)",N2O,265,273.0,160.48176521,42527.66778065,43811.52190233
MAR,Morocco,Africa,Africa,North Africa,developing,2002,AFOLU,Rice cultivation (CH4),CH4,28,27.0,814.453,22804.684,21990.231
MAR,Morocco,Africa,Africa,North Africa,developing,2002,AFOLU,Synthetic fertilizer application (N2O),N2O,265,273.0,3394.224,899469.36,926623.152
MAR,Morocco,Africa,Africa,North Africa,developing,2002,Buildings,Non-CO2 (all buildings),HFC-152a,138,164.0,69.458187,9585.229806,11391.142668
MAR,Morocco,Africa,Africa,North Africa,developing,2002,Buildings,Non-CO2 (all buildings),HFC-227ea,3350,3600.0,5.69137,19066.0895,20488.932
MAR,Morocco,Africa,Africa,North Africa,developing,2002,Buildings,Non-residential,CO2,1,1.0,158192.0,158192.0,158192.0
MAR,Morocco,Africa,Africa,North Africa,developing,2002,Buildings,Non-residential,CH4,28,27.0,7314.335,204801.38,197487.045
MAR,Morocco,Africa,Africa,North Africa,developing,2002,Buildings,Non-residential,N2O,265,273.0,97.5047,25838.7455,26618.7831
MAR,Morocco,Africa,Africa,North Africa,developing,2002,Buildings,Residential,CO2,1,1.0,3419415.6,3419415.6,3419415.6
MAR,Morocco,Africa,Africa,North Africa,developing,2002,Buildings,Residential,CH4,28,27.0,7294.2022,204237.6616,196943.4594
MAR,Morocco,Africa,Africa,North Africa,developing,2002,Buildings,Residential,N2O,265,273.0,100.9808,26759.912,27567.7584
MAR,Morocco,Africa,Africa,North Africa,developing,2002,Energy systems,Electricity & heat,CO2,1,1.0,13729386.038,13729386.038,13729386.038
MAR,Morocco,Africa,Africa,North Africa,developing,2002,Energy systems,Electricity & heat,CH4,28,27.0,126.776578,3549.744184,3422.967606
MAR,Morocco,Africa,Africa,North Africa,developing,2002,Energy systems,Electricity & heat,N2O,265,273.0,179.049526,47448.12439,48880.520598
MAR,Morocco,Africa,Africa,North Africa,developing,2002,Energy systems,Oil and gas fugitive emissions,CO2,1,1.0,34.10793,34.10793,34.10793
MAR,Morocco,Africa,Africa,North Africa,developing,2002,Energy systems,Oil and gas fugitive emissions,CH4,30,29.8,3056.15958,91684.7874,91073.555484
MAR,Morocco,Africa,Africa,North Africa,developing,2002,Energy systems,Oil and gas fugitive emissions,N2O,265,273.0,0.000947728,0.25114792,0.258729744
MAR,Morocco,Africa,Africa,North Africa,developing,2002,Energy systems,Other (energy systems),CO2,1,1.0,155226.0,155226.0,155226.0
MAR,Morocco,Africa,Africa,North Africa,developing,2002,Energy systems,Other (energy systems),CH4,28,27.0,1444.5,40446.0,39001.5
MAR,Morocco,Africa,Africa,North Africa,developing,2002,Energy systems,Other (energy systems),N2O,265,273.0,850.5272,225389.708,232193.9256
MAR,Morocco,Africa,Africa,North Africa,developing,2002,Energy systems,Petroleum refining,CO2,1,1.0,326938.0,326938.0,326938.0
MAR,Morocco,Africa,Africa,North Africa,developing,2002,Energy systems,Petroleum refining,CH4,28,27.0,5.676,158.928,153.252
MAR,Morocco,Africa,Africa,North Africa,developing,2002,Energy systems,Petroleum refining,N2O,265,273.0,0.5676,150.414,154.9548
MAR,Morocco,Africa,Africa,North Africa,developing,2002,Industry,Cement,CO2,1,1.0,4243200.0,4243200.0,4243200.0
MAR,Morocco,Africa,Africa,North Africa,developing,2002,Industry,Chemicals,CO2,1,1.0,156618.83,156618.83,156618.83
MAR,Morocco,Africa,Africa,North Africa,developing,2002,Industry,Chemicals,N2O,265,273.0,97.22373,25764.28845,26542.07829
MAR,Morocco,Africa,Africa,North Africa,developing,2002,Industry,Metals,CO2,1,1.0,37184.4,37184.4,37184.4
MAR,Morocco,Africa,Africa,North Africa,developing,2002,Industry,Metals,CH4,30,29.8,0.35,10.5,10.43
MAR,Morocco,Africa,Africa,North Africa,developing,2002,Industry,Other (industry),CO2,1,1.0,5427272.8,5427272.8,5427272.8
MAR,Morocco,Africa,Africa,North Africa,developing,2002,Industry,Other (industry),CH4,28,27.0,451.9314,12654.0792,12202.1478
MAR,Morocco,Africa,Africa,North Africa,developing,2002,Industry,Other (industry),N2O,265,273.0,80.189946,21250.33569,21891.855258000003
MAR,Morocco,Africa,Africa,North Africa,developing,2002,Industry,Other (industry),HFC-125,3170,3740.0,25.172932,79798.19443999999,94146.76568
MAR,Morocco,Africa,Africa,North Africa,developing,2002,Industry,Other (industry),HFC-134a,1300,1530.0,109.632972,142522.86359999998,167738.44715999998
MAR,Morocco,Africa,Africa,North Africa,developing,2002,Industry,Other (industry),HFC-143a,4800,5810.0,16.704622,80182.1856,97053.85382
MAR,Morocco,Africa,Africa,North Africa,developing,2002,Industry,Other (industry),HFC-245fa,858,962.0,0.045393,38.947194,43.668066
MAR,Morocco,Africa,Africa,North Africa,developing,2002,Industry,Other (industry),HFC-32,677,771.0,5.61936,3804.30672,4332.52656
MAR,Morocco,Africa,Africa,North Africa,developing,2002,Industry,Other (industry),HFC-365mfc,804,914.0,0.780214,627.292056,713.115596
MAR,Morocco,Africa,Africa,North Africa,developing,2002,Industry,Waste,CH4,28,27.0,481710.4116,13487891.5248,13006181.1132
MAR,Morocco,Africa,Africa,North Africa,developing,2002,Industry,Waste,N2O,265,273.0,1564.663,414635.695,427152.999
MAR,Morocco,Africa,Africa,North Africa,developing,2002,Transport,Other (transport),CO2,1,1.0,1209610.0,1209610.0,1209610.0
MAR,Morocco,Africa,Africa,North Africa,developing,2002,Transport,Other (transport),CH4,28,27.0,67.7446,1896.8488,1829.1042
MAR,Morocco,Africa,Africa,North Africa,developing,2002,Transport,Other (transport),N2O,265,273.0,466.866,123719.49,127454.418
MAR,Morocco,Africa,Africa,North Africa,developing,2002,Transport,Road,CO2,1,1.0,8993747.11,8993747.11,8993747.11
MAR,Morocco,Africa,Africa,North Africa,developing,2002,Transport,Road,CH4,28,27.0,652.064386,18257.802808,17605.738422000002
MAR,Morocco,Africa,Africa,North Africa,developing,2002,Transport,Road,N2O,265,273.0,107.6292995,28521.7643675,29382.7987635
MAR,Morocco,Africa,Africa,North Africa,developing,2003,AFOLU,"Biomass burning (CH4, N2O)",CH4,28,27.0,320.55956526,8975.66782728,8655.10826202
MAR,Morocco,Africa,Africa,North Africa,developing,2003,AFOLU,"Biomass burning (CH4, N2O)",N2O,265,273.0,8.3107981736,2202.361516004,2268.8479013928
MAR,Morocco,Africa,Africa,North Africa,developing,2003,AFOLU,Enteric Fermentation (CH4),CH4,28,27.0,246620.6,6905376.8,6658756.2
MAR,Morocco,Africa,Africa,North Africa,developing,2003,AFOLU,"Managed soils and pasture (CO2, N2O)",CO2,1,1.0,301588.5,301588.5,301588.5
MAR,Morocco,Africa,Africa,North Africa,developing,2003,AFOLU,"Managed soils and pasture (CO2, N2O)",N2O,265,273.0,11699.72362085,3100426.75952525,3194024.54849205
MAR,Morocco,Africa,Africa,North Africa,developing,2003,AFOLU,"Manure management (N2O, CH4)",CH4,28,27.0,10300.6263,288417.5364,278116.9101
MAR,Morocco,Africa,Africa,North Africa,developing,2003,AFOLU,"Manure management (N2O, CH4)",N2O,265,273.0,161.17477298,42711.3148397,44000.71302354
MAR,Morocco,Africa,Africa,North Africa,developing,2003,AFOLU,Rice cultivation (CH4),CH4,28,27.0,432.678,12114.984,11682.306
MAR,Morocco,Africa,Africa,North Africa,developing,2003,AFOLU,Synthetic fertilizer application (N2O),N2O,265,273.0,3724.214,986916.71,1016710.422
MAR,Morocco,Africa,Africa,North Africa,developing,2003,Buildings,Non-CO2 (all buildings),HFC-152a,138,164.0,73.499761,10142.967018,12053.960804
MAR,Morocco,Africa,Africa,North Africa,developing,2003,Buildings,Non-CO2 (all buildings),HFC-227ea,3350,3600.0,7.055954,23637.4459,25401.4344
MAR,Morocco,Africa,Africa,North Africa,developing,2003,Buildings,Non-residential,CO2,1,1.0,167152.0,167152.0,167152.0
MAR,Morocco,Africa,Africa,North Africa,developing,2003,Buildings,Non-residential,CH4,28,27.0,7383.145,206728.06,199344.915
MAR,Morocco,Africa,Africa,North Africa,developing,2003,Buildings,Non-residential,N2O,265,273.0,98.4269,26083.128500000003,26870.5437
MAR,Morocco,Africa,Africa,North Africa,developing,2003,Buildings,Residential,CO2,1,1.0,3455208.3,3455208.3,3455208.3
MAR,Morocco,Africa,Africa,North Africa,developing,2003,Buildings,Residential,CH4,28,27.0,7355.8251,205963.1028,198607.2777
MAR,Morocco,Africa,Africa,North Africa,developing,2003,Buildings,Residential,N2O,265,273.0,100.8093,26714.4645,27520.9389
MAR,Morocco,Africa,Africa,North Africa,developing,2003,Energy systems,Electricity & heat,CO2,1,1.0,14281034.428,14281034.428,14281034.428
MAR,Morocco,Africa,Africa,North Africa,developing,2003,Energy systems,Electricity & heat,CH4,28,27.0,136.300779,3816.421812,3680.121033
MAR,Morocco,Africa,Africa,North Africa,developing,2003,Energy systems,Electricity & heat,N2O,265,273.0,183.2505568,48561.397552,50027.4020064
MAR,Morocco,Africa,Africa,North Africa,developing,2003,Energy systems,Oil and gas fugitive emissions,CO2,1,1.0,25.613162,25.613162,25.613162
MAR,Morocco,Africa,Africa,North Africa,developing,2003,Energy systems,Oil and gas fugitive emissions,CH4,30,29.8,3929.41695,117882.5085,117096.62511
MAR,Morocco,Africa,Africa,North Africa,developing,2003,Energy systems,Oil and gas fugitive emissions,N2O,265,273.0,0.000728589,0.1930760849999999,0.198904797
MAR,Morocco,Africa,Africa,North Africa,developing,2003,Energy systems,Other (energy systems),CO2,1,1.0,164186.0,164186.0,164186.0
MAR,Morocco,Africa,Africa,North Africa,developing,2003,Energy systems,Other (energy systems),CH4,28,27.0,1541.31,43156.68,41615.37
MAR,Morocco,Africa,Africa,North Africa,developing,2003,Energy systems,Other (energy systems),N2O,265,273.0,851.5378,225657.517,232469.8194
MAR,Morocco,Africa,Africa,North Africa,developing,2003,Energy systems,Petroleum refining,CO2,1,1.0,235526.0,235526.0,235526.0
MAR,Morocco,Africa,Africa,North Africa,developing,2003,Energy systems,Petroleum refining,CH4,28,27.0,4.089,114.49200000000002,110.403
MAR,Morocco,Africa,Africa,North Africa,developing,2003,Energy systems,Petroleum refining,N2O,265,273.0,0.4089,108.3585,111.6297
MAR,Morocco,Africa,Africa,North Africa,developing,2003,Industry,Cement,CO2,1,1.0,4326400.0,4326400.0,4326400.0
MAR,Morocco,Africa,Africa,North Africa,developing,2003,Industry,Chemicals,CO2,1,1.0,158527.158,158527.158,158527.158
MAR,Morocco,Africa,Africa,North Africa,developing,2003,Industry,Chemicals,N2O,265,273.0,98.3158,26053.687,26840.2134
MAR,Morocco,Africa,Africa,North Africa,developing,2003,Industry,Metals,CO2,1,1.0,31826.6,31826.6,31826.6
MAR,Morocco,Africa,Africa,North Africa,developing,2003,Industry,Metals,CH4,30,29.8,0.35,10.5,10.43
MAR,Morocco,Africa,Africa,North Africa,developing,2003,Industry,Other (industry),CO2,1,1.0,4262897.0,4262897.0,4262897.0
MAR,Morocco,Africa,Africa,North Africa,developing,2003,Industry,Other (industry),CH4,28,27.0,336.25216,9415.06048,9078.80832
MAR,Morocco,Africa,Africa,North Africa,developing,2003,Industry,Other (industry),N2O,265,273.0,61.343946,16256.14569,16746.897258
MAR,Morocco,Africa,Africa,North Africa,developing,2003,Industry,Other (industry),HFC-125,3170,3740.0,32.93702,104410.3534,123184.4548
MAR,Morocco,Africa,Africa,North Africa,developing,2003,Industry,Other (industry),HFC-134a,1300,1530.0,131.609982,171092.9766,201363.27246
MAR,Morocco,Africa,Africa,North Africa,developing,2003,Industry,Other (industry),HFC-143a,4800,5810.0,19.858133,95319.0384,115375.75273
MAR,Morocco,Africa,Africa,North Africa,developing,2003,Industry,Other (industry),HFC-245fa,858,962.0,5.186535,4450.04703,4989.44667
MAR,Morocco,Africa,Africa,North Africa,developing,2003,Industry,Other (industry),HFC-32,677,771.0,7.023935,4755.203995,5415.453885
MAR,Morocco,Africa,Africa,North Africa,developing,2003,Industry,Other (industry),HFC-365mfc,804,914.0,0.975267,784.114668,891.394038
MAR,Morocco,Africa,Africa,North Africa,developing,2003,Industry,Waste,CH4,28,27.0,495499.8649,13873996.2172,13378496.3523
MAR,Morocco,Africa,Africa,North Africa,developing,2003,Industry,Waste,N2O,265,273.0,1625.563,430774.195,443778.699
MAR,Morocco,Africa,Africa,North Africa,developing,2003,Transport,Other (transport),CO2,1,1.0,1251330.0,1251330.0,1251330.0
MAR,Morocco,Africa,Africa,North Africa,developing,2003,Transport,Other (transport),CH4,28,27.0,70.0811,1962.2708,1892.1897
MAR,Morocco,Africa,Africa,North Africa,developing,2003,Transport,Other (transport),N2O,265,273.0,482.968,127986.52,131850.264
MAR,Morocco,Africa,Africa,North Africa,developing,2003,Transport,Road,CO2,1,1.0,9370577.34,9370577.34,9370577.34
MAR,Morocco,Africa,Africa,North Africa,developing,2003,Transport,Road,CH4,28,27.0,631.463992,17680.991776,17049.527783999998
MAR,Morocco,Africa,Africa,North Africa,developing,2003,Transport,Road,N2O,265,273.0,108.1488294,28659.439791,29524.6304262
MAR,Morocco,Africa,Africa,North Africa,developing,2004,AFOLU,"Biomass burning (CH4, N2O)",CH4,28,27.0,338.98050243,9491.45406804,9152.47356561
MAR,Morocco,Africa,Africa,North Africa,developing,2004,AFOLU,"Biomass burning (CH4, N2O)",N2O,265,273.0,8.7883858731,2328.9222563715,2399.2293433563
MAR,Morocco,Africa,Africa,North Africa,developing,2004,AFOLU,Enteric Fermentation (CH4),CH4,28,27.0,251774.4,7049683.2,6797908.8
MAR,Morocco,Africa,Africa,North Africa,developing,2004,AFOLU,"Managed soils and pasture (CO2, N2O)",CO2,1,1.0,323966.0,323966.0,323966.0
MAR,Morocco,Africa,Africa,North Africa,developing,2004,AFOLU,"Managed soils and pasture (CO2, N2O)",N2O,265,273.0,11920.43880549,3158916.28345485,3254279.7938987697
MAR,Morocco,Africa,Africa,North Africa,developing,2004,AFOLU,"Manure management (N2O, CH4)",CH4,28,27.0,10447.6961,292535.4908,282087.7947
MAR,Morocco,Africa,Africa,North Africa,developing,2004,AFOLU,"Manure management (N2O, CH4)",N2O,265,273.0,162.89891008,43168.2111712,44471.40245184
MAR,Morocco,Africa,Africa,North Africa,developing,2004,AFOLU,Rice cultivation (CH4),CH4,28,27.0,559.937,15678.236,15118.299
MAR,Morocco,Africa,Africa,North Africa,developing,2004,AFOLU,Synthetic fertilizer application (N2O),N2O,265,273.0,3758.793,996080.145,1026150.489
MAR,Morocco,Africa,Africa,North Africa,developing,2004,Buildings,Non-CO2 (all buildings),HFC-152a,138,164.0,72.838199,10051.671462,11945.464636
MAR,Morocco,Africa,Africa,North Africa,developing,2004,Buildings,Non-CO2 (all buildings),HFC-227ea,3350,3600.0,8.302841,27814.51735,29890.2276
MAR,Morocco,Africa,Africa,North Africa,developing,2004,Buildings,Non-residential,CO2,1,1.0,262644.6,262644.6,262644.6
MAR,Morocco,Africa,Africa,North Africa,developing,2004,Buildings,Non-residential,CH4,28,27.0,12901.115,361231.22,348330.105
MAR,Morocco,Africa,Africa,North Africa,developing,2004,Buildings,Non-residential,N2O,265,273.0,172.5487,45725.4055,47105.7951
MAR,Morocco,Africa,Africa,North Africa,developing,2004,Buildings,Residential,CO2,1,1.0,3625961.9,3625961.9,3625961.9
MAR,Morocco,Africa,Africa,North Africa,developing,2004,Buildings,Residential,CH4,28,27.0,15012.835,420359.38,405346.545
MAR,Morocco,Africa,Africa,North Africa,developing,2004,Buildings,Residential,N2O,265,273.0,202.3871,53632.5815,55251.6783
MAR,Morocco,Africa,Africa,North Africa,developing,2004,Energy systems,Coal mining fugitive emissions,CO2,1,1.0,210.756,210.756,210.756
MAR,Morocco,Africa,Africa,North Africa,developing,2004,Energy systems,Coal mining fugitive emissions,CH4,30,29.8,332.17,9965.1,9898.666
MAR,Morocco,Africa,Africa,North Africa,developing,2004,Energy systems,Electricity & heat,CO2,1,1.0,15484189.53,15484189.53,15484189.53
MAR,Morocco,Africa,Africa,North Africa,developing,2004,Energy systems,Electricity & heat,CH4,28,27.0,157.873564,4420.459792,4262.586228
MAR,Morocco,Africa,Africa,North Africa,developing,2004,Energy systems,Electricity & heat,N2O,265,273.0,196.2640658,52009.977437,53580.0899634
MAR,Morocco,Africa,Africa,North Africa,developing,2004,Energy systems,Oil and gas fugitive emissions,CO2,1,1.0,29.014162,29.014162,29.014162
MAR,Morocco,Africa,Africa,North Africa,developing,2004,Energy systems,Oil and gas fugitive emissions,CH4,30,29.8,6079.54794,182386.4382,181170.528612
MAR,Morocco,Africa,Africa,North Africa,developing,2004,Energy systems,Oil and gas fugitive emissions,N2O,265,273.0,0.000801635,0.212433275,0.218846355
MAR,Morocco,Africa,Africa,North Africa,developing,2004,Energy systems,Other (energy systems),CO2,1,1.0,197892.4,197892.4,197892.4
MAR,Morocco,Africa,Africa,North Africa,developing,2004,Energy systems,Other (energy systems),CH4,28,27.0,1545.595,43276.66,41731.065
MAR,Morocco,Africa,Africa,North Africa,developing,2004,Energy systems,Other (energy systems),N2O,265,273.0,972.9047,257819.7455,265602.9831
MAR,Morocco,Africa,Africa,North Africa,developing,2004,Energy systems,Petroleum refining,CO2,1,1.0,450338.0,450338.0,450338.0
MAR,Morocco,Africa,Africa,North Africa,developing,2004,Energy systems,Petroleum refining,CH4,28,27.0,14.609,409.052,394.443
MAR,Morocco,Africa,Africa,North Africa,developing,2004,Energy systems,Petroleum refining,N2O,265,273.0,2.6909,713.0885000000001,734.6157000000001
MAR,Morocco,Africa,Africa,North Africa,developing,2004,Industry,Cement,CO2,1,1.0,4587000.0,4587000.0,4587000.0
MAR,Morocco,Africa,Africa,North Africa,developing,2004,Industry,Chemicals,CO2,1,1.0,159485.899,159485.899,159485.899
MAR,Morocco,Africa,Africa,North Africa,developing,2004,Industry,Chemicals,N2O,265,273.0,99.42072,26346.4908,27141.85656
MAR,Morocco,Africa,Africa,North Africa,developing,2004,Industry,Metals,CO2,1,1.0,13110.0,13110.0,13110.0
MAR,Morocco,Africa,Africa,North Africa,developing,2004,Industry,Metals,CH4,30,29.8,0.35,10.5,10.43
MAR,Morocco,Africa,Africa,North Africa,developing,2004,Industry,Other (industry),CO2,1,1.0,5625120.3,5625120.3,5625120.3
MAR,Morocco,Africa,Africa,North Africa,developing,2004,Industry,Other (industry),CH4,28,27.0,276.04516,7729.26448,7453.21932
MAR,Morocco,Africa,Africa,North Africa,developing,2004,Industry,Other (industry),N2O,265,273.0,55.393736,14679.34004,15122.489928
MAR,Morocco,Africa,Africa,North Africa,developing,2004,Industry,Other (industry),HFC-125,3170,3740.0,42.387783,134369.27211,158530.30842
MAR,Morocco,Africa,Africa,North Africa,developing,2004,Industry,Other (industry),HFC-134a,1300,1530.0,156.647875,203642.2375,239671.24875
MAR,Morocco,Africa,Africa,North Africa,developing,2004,Industry,Other (industry),HFC-143a,4800,5810.0,22.473755,107874.024,130572.51655
MAR,Morocco,Africa,Africa,North Africa,developing,2004,Industry,Other (industry),HFC-245fa,858,962.0,4.740061,4066.972338,4559.938682
MAR,Morocco,Africa,Africa,North Africa,developing,2004,Industry,Other (industry),HFC-32,677,771.0,8.428446,5706.057942,6498.331866
MAR,Morocco,Africa,Africa,North Africa,developing,2004,Industry,Other (industry),HFC-365mfc,804,914.0,1.105566,888.8750640000001,1010.487324
MAR,Morocco,Africa,Africa,North Africa,developing,2004,Industry,Waste,CH4,28,27.0,508491.4187,14237759.7236,13729268.3049
MAR,Morocco,Africa,Africa,North Africa,developing,2004,Industry,Waste,N2O,265,273.0,1681.936,445713.04,459168.528
MAR,Morocco,Africa,Africa,North Africa,developing,2004,Transport,Other (transport),CO2,1,1.0,1302680.0,1302680.0,1302680.0
MAR,Morocco,Africa,Africa,North Africa,developing,2004,Transport,Other (transport),CH4,28,27.0,72.957,2042.796,1969.839
MAR,Morocco,Africa,Africa,North Africa,developing,2004,Transport,Other (transport),N2O,265,273.0,502.788,133238.82,137261.124
MAR,Morocco,Africa,Africa,North Africa,developing,2004,Transport,Road,CO2,1,1.0,9793719.31,9793719.31,9793719.31
MAR,Morocco,Africa,Africa,North Africa,developing,2004,Transport,Road,CH4,28,27.0,612.386969,17146.835132,16534.448163
MAR,Morocco,Africa,Africa,North Africa,developing,2004,Transport,Road,N2O,265,273.0,109.894747,29122.107955,30001.265931
MAR,Morocco,Africa,Africa,North Africa,developing,2005,AFOLU,"Biomass burning (CH4, N2O)",CH4,28,27.0,218.18028887,6109.04808836,5890.86779949
MAR,Morocco,Africa,Africa,North Africa,developing,2005,AFOLU,"Biomass burning (CH4, N2O)",N2O,265,273.0,5.6565220703,1498.9783486295,1544.2305251919
MAR,Morocco,Africa,Africa,North Africa,developing,2005,AFOLU,Enteric Fermentation (CH4),CH4,28,27.0,250371.4,7010399.2,6760027.8
MAR,Morocco,Africa,Africa,North Africa,developing,2005,AFOLU,"Managed soils and pasture (CO2, N2O)",CO2,1,1.0,289394.3,289394.3,289394.3
MAR,Morocco,Africa,Africa,North Africa,developing,2005,AFOLU,"Managed soils and pasture (CO2, N2O)",N2O,265,273.0,11598.2373198,3073532.8897470003,3166318.7883054
MAR,Morocco,Africa,Africa,North Africa,developing,2005,AFOLU,"Manure management (N2O, CH4)",CH4,28,27.0,10404.8423,291335.5844,280930.74210000003
MAR,Morocco,Africa,Africa,North Africa,developing,2005,AFOLU,"Manure management (N2O, CH4)",N2O,265,273.0,163.45361008,43315.2066712,44622.83555184
MAR,Morocco,Africa,Africa,North Africa,developing,2005,AFOLU,Rice cultivation (CH4),CH4,28,27.0,801.728,22448.384,21646.656
MAR,Morocco,Africa,Africa,North Africa,developing,2005,AFOLU,Synthetic fertilizer application (N2O),N2O,265,273.0,3708.504,982753.56,1012421.592
MAR,Morocco,Africa,Africa,North Africa,developing,2005,Buildings,Non-CO2 (all buildings),HFC-152a,138,164.0,66.099836,9121.777368,10840.373104
MAR,Morocco,Africa,Africa,North Africa,developing,2005,Buildings,Non-CO2 (all buildings),HFC-227ea,3350,3600.0,8.476612,28396.6502,30515.8032
MAR,Morocco,Africa,Africa,North Africa,developing,2005,Buildings,Non-residential,CO2,1,1.0,280722.9,280722.9,280722.9
MAR,Morocco,Africa,Africa,North Africa,developing,2005,Buildings,Non-residential,CH4,28,27.0,12066.325,337857.10000000003,325790.775
MAR,Morocco,Africa,Africa,North Africa,developing,2005,Buildings,Non-residential,N2O,265,273.0,161.4461,42783.2165,44074.7853
MAR,Morocco,Africa,Africa,North Africa,developing,2005,Buildings,Residential,CO2,1,1.0,3774405.8,3774405.8,3774405.8
MAR,Morocco,Africa,Africa,North Africa,developing,2005,Buildings,Residential,CH4,28,27.0,14066.355,393857.94,379791.585
MAR,Morocco,Africa,Africa,North Africa,developing,2005,Buildings,Residential,N2O,265,273.0,189.7519,50284.2535,51802.2687
MAR,Morocco,Africa,Africa,North Africa,developing,2005,Energy systems,Coal mining fugitive emissions,CO2,1,1.0,105.191,105.191,105.191
MAR,Morocco,Africa,Africa,North Africa,developing,2005,Energy systems,Coal mining fugitive emissions,CH4,30,29.8,165.79,4973.7,4940.542
MAR,Morocco,Africa,Africa,North Africa,developing,2005,Energy systems,Electricity & heat,CO2,1,1.0,16269524.75,16269524.75,16269524.75
MAR,Morocco,Africa,Africa,North Africa,developing,2005,Energy systems,Electricity & heat,CH4,28,27.0,176.11771,4931.29588,4755.178169999999
MAR,Morocco,Africa,Africa,North Africa,developing,2005,Energy systems,Electricity & heat,N2O,265,273.0,201.2654014,53335.331371,54945.4545822
MAR,Morocco,Africa,Africa,North Africa,developing,2005,Energy systems,Oil and gas fugitive emissions,CO2,1,1.0,20.36668,20.36668,20.36668
MAR,Morocco,Africa,Africa,North Africa,developing,2005,Energy systems,Oil and gas fugitive emissions,CH4,30,29.8,7493.45009,224803.5027,223304.812682
MAR,Morocco,Africa,Africa,North Africa,developing,2005,Energy systems,Oil and gas fugitive emissions,N2O,265,273.0,0.000511324,0.13550086,0.1395914519999999
MAR,Morocco,Africa,Africa,North Africa,developing,2005,Energy systems,Other (energy systems),CO2,1,1.0,209881.4,209881.4,209881.4
MAR,Morocco,Africa,Africa,North Africa,developing,2005,Energy systems,Other (energy systems),CH4,28,27.0,1546.545,43303.26,41756.715
MAR,Morocco,Africa,Africa,North Africa,developing,2005,Energy systems,Other (energy systems),N2O,265,273.0,991.5167,262751.9255,270684.0591
MAR,Morocco,Africa,Africa,North Africa,developing,2005,Energy systems,Petroleum refining,CO2,1,1.0,591482.0,591482.0,591482.0
MAR,Morocco,Africa,Africa,North Africa,developing,2005,Energy systems,Petroleum refining,CH4,28,27.0,19.191,537.348,518.1569999999999
MAR,Morocco,Africa,Africa,North Africa,developing,2005,Energy systems,Petroleum refining,N2O,265,273.0,3.5352,936.828,965.1096
MAR,Morocco,Africa,Africa,North Africa,developing,2005,Industry,Cement,CO2,1,1.0,4587000.0,4587000.0,4587000.0
MAR,Morocco,Africa,Africa,North Africa,developing,2005,Industry,Chemicals,CO2,1,1.0,170114.48,170114.48,170114.48
MAR,Morocco,Africa,Africa,North Africa,developing,2005,Industry,Chemicals,N2O,265,273.0,100.54673,26644.88345,27449.25729
MAR,Morocco,Africa,Africa,North Africa,developing,2005,Industry,Metals,CO2,1,1.0,47513.0,47513.0,47513.0
MAR,Morocco,Africa,Africa,North Africa,developing,2005,Industry,Metals,CH4,30,29.8,0.35,10.5,10.43
MAR,Morocco,Africa,Africa,North Africa,developing,2005,Industry,Other (industry),CO2,1,1.0,6641613.7,6641613.7,6641613.7
MAR,Morocco,Africa,Africa,North Africa,developing,2005,Industry,Other (industry),CH4,28,27.0,315.78918,8842.09704,8526.307859999999
MAR,Morocco,Africa,Africa,North Africa,developing,2005,Industry,Other (industry),N2O,265,273.0,61.705786,16352.03329,16845.679578
MAR,Morocco,Africa,Africa,North Africa,developing,2005,Industry,Other (industry),HFC-125,3170,3740.0,52.575202,166663.39033999998,196631.25548
MAR,Morocco,Africa,Africa,North Africa,developing,2005,Industry,Other (industry),HFC-134a,1300,1530.0,186.434779,242365.2127,285245.21187
MAR,Morocco,Africa,Africa,North Africa,developing,2005,Industry,Other (industry),HFC-143a,4800,5810.0,27.578124,132374.9952,160228.90044
MAR,Morocco,Africa,Africa,North Africa,developing,2005,Industry,Other (industry),HFC-245fa,858,962.0,5.028756,4314.672648,4837.663272
MAR,Morocco,Africa,Africa,North Africa,developing,2005,Industry,Other (industry),HFC-32,677,771.0,9.284666,6285.718882,7158.477486
MAR,Morocco,Africa,Africa,North Africa,developing,2005,Industry,Other (industry),HFC-365mfc,804,914.0,1.246278,1002.007512,1139.098092
MAR,Morocco,Africa,Africa,North Africa,developing,2005,Industry,Waste,CH4,28,27.0,520979.032,14587412.896,14066433.864
MAR,Morocco,Africa,Africa,North Africa,developing,2005,Industry,Waste,N2O,265,273.0,1708.686,452801.79,466471.278
MAR,Morocco,Africa,Africa,North Africa,developing,2005,Transport,Other (transport),CO2,1,1.0,1382850.0,1382850.0,1382850.0
MAR,Morocco,Africa,Africa,North Africa,developing,2005,Transport,Other (transport),CH4,28,27.0,77.4473,2168.5244,2091.0771
MAR,Morocco,Africa,Africa,North Africa,developing,2005,Transport,Other (transport),N2O,265,273.0,533.733,141439.245,145709.109
MAR,Morocco,Africa,Africa,North Africa,developing,2005,Transport,Road,CO2,1,1.0,10198430.69,10198430.69,10198430.69
MAR,Morocco,Africa,Africa,North Africa,developing,2005,Transport,Road,CH4,28,27.0,597.870763,16740.381364,16142.510601
MAR,Morocco,Africa,Africa,North Africa,developing,2005,Transport,Road,N2O,265,273.0,112.156229,29721.400685,30618.650517
MAR,Morocco,Africa,Africa,North Africa,developing,2006,AFOLU,"Biomass burning (CH4, N2O)",CH4,28,27.0,361.07401395,10110.0723906,9748.99837665
MAR,Morocco,Africa,Africa,North Africa,developing,2006,AFOLU,"Biomass burning (CH4, N2O)",N2O,265,273.0,9.3611738611,2480.7110731915,2555.6004640803
MAR,Morocco,Africa,Africa,North Africa,developing,2006,AFOLU,Enteric Fermentation (CH4),CH4,28,27.0,254940.4,7138331.2,6883390.8
MAR,Morocco,Africa,Africa,North Africa,developing,2006,AFOLU,"Managed soils and pasture (CO2, N2O)",CO2,1,1.0,299011.6,299011.6,299011.6
MAR,Morocco,Africa,Africa,North Africa,developing,2006,AFOLU,"Managed soils and pasture (CO2, N2O)",N2O,265,273.0,12345.56368326,3271574.3760639,3370338.88552998
MAR,Morocco,Africa,Africa,North Africa,developing,2006,AFOLU,"Manure management (N2O, CH4)",CH4,28,27.0,10928.4129,305995.5612,295067.1483
MAR,Morocco,Africa,Africa,North Africa,developing,2006,AFOLU,"Manure management (N2O, CH4)",N2O,265,273.0,176.08673008,46662.9834712,48071.67731184
MAR,Morocco,Africa,Africa,North Africa,developing,2006,AFOLU,Rice cultivation (CH4),CH4,28,27.0,636.292,17816.176,17179.884000000002
MAR,Morocco,Africa,Africa,North Africa,developing,2006,AFOLU,Synthetic fertilizer application (N2O),N2O,265,273.0,3629.938,961933.57,990973.074
MAR,Morocco,Africa,Africa,North Africa,developing,2006,Buildings,Non-CO2 (all buildings),HFC-152a,138,164.0,78.421459,10822.161342,12861.119276
MAR,Morocco,Africa,Africa,North Africa,developing,2006,Buildings,Non-CO2 (all buildings),HFC-227ea,3350,3600.0,9.306452,31176.6142,33503.2272
MAR,Morocco,Africa,Africa,North Africa,developing,2006,Buildings,Non-residential,CO2,1,1.0,298863.2,298863.2,298863.2
MAR,Morocco,Africa,Africa,North Africa,developing,2006,Buildings,Non-residential,CH4,28,27.0,11140.04,311921.12,300781.08
MAR,Morocco,Africa,Africa,North Africa,developing,2006,Buildings,Non-residential,N2O,265,273.0,149.1236,39517.754,40710.7428
MAR,Morocco,Africa,Africa,North Africa,developing,2006,Buildings,Residential,CO2,1,1.0,4057119.7,4057119.7,4057119.7
MAR,Morocco,Africa,Africa,North Africa,developing,2006,Buildings,Residential,CH4,28,27.0,13025.515,364714.42,351688.905
MAR,Morocco,Africa,Africa,North Africa,developing,2006,Buildings,Residential,N2O,265,273.0,175.9295,46621.3175,48028.7535
MAR,Morocco,Africa,Africa,North Africa,developing,2006,Energy systems,Coal mining fugitive emissions,CO2,1,1.0,35.1884,35.1884,35.1884
MAR,Morocco,Africa,Africa,North Africa,developing,2006,Energy systems,Coal mining fugitive emissions,CH4,30,29.8,55.46,1663.8,1652.708
MAR,Morocco,Africa,Africa,North Africa,developing,2006,Energy systems,Electricity & heat,CO2,1,1.0,16546111.64,16546111.64,16546111.64
MAR,Morocco,Africa,Africa,North Africa,developing,2006,Energy systems,Electricity & heat,CH4,28,27.0,172.430237,4828.046636,4655.6163990000005
MAR,Morocco,Africa,Africa,North Africa,developing,2006,Energy systems,Electricity & heat,N2O,265,273.0,205.7998092,54536.949438,56183.3479116
MAR,Morocco,Africa,Africa,North Africa,developing,2006,Energy systems,Oil and gas fugitive emissions,CO2,1,1.0,27.11491,27.11491,27.11491
MAR,Morocco,Africa,Africa,North Africa,developing,2006,Energy systems,Oil and gas fugitive emissions,CH4,30,29.8,8957.98531,268739.5593,266947.962238
MAR,Morocco,Africa,Africa,North Africa,developing,2006,Energy systems,Oil and gas fugitive emissions,N2O,265,273.0,0.000728589,0.1930760849999999,0.198904797
MAR,Morocco,Africa,Africa,North Africa,developing,2006,Energy systems,Other (energy systems),CO2,1,1.0,224773.4,224773.4,224773.4
MAR,Morocco,Africa,Africa,North Africa,developing,2006,Energy systems,Other (energy systems),CH4,28,27.0,1547.725,43336.3,41788.575
MAR,Morocco,Africa,Africa,North Africa,developing,2006,Energy systems,Other (energy systems),N2O,265,273.0,986.1193,261321.6145,269210.5689
MAR,Morocco,Africa,Africa,North Africa,developing,2006,Energy systems,Petroleum refining,CO2,1,1.0,453511.0,453511.0,453511.0
MAR,Morocco,Africa,Africa,North Africa,developing,2006,Energy systems,Petroleum refining,CH4,28,27.0,14.732,412.496,397.764
MAR,Morocco,Africa,Africa,North Africa,developing,2006,Energy systems,Petroleum refining,N2O,265,273.0,2.7155,719.6075,741.3315
MAR,Morocco,Africa,Africa,North Africa,developing,2006,Industry,Cement,CO2,1,1.0,4378000.0,4378000.0,4378000.0
MAR,Morocco,Africa,Africa,North Africa,developing,2006,Industry,Chemicals,CO2,1,1.0,168048.363,168048.363,168048.363
MAR,Morocco,Africa,Africa,North Africa,developing,2006,Industry,Chemicals,N2O,265,273.0,101.69382,26948.8623,27762.41286
MAR,Morocco,Africa,Africa,North Africa,developing,2006,Industry,Metals,CO2,1,1.0,35530.254,35530.254,35530.254
MAR,Morocco,Africa,Africa,North Africa,developing,2006,Industry,Other (industry),CO2,1,1.0,7157102.0,7157102.0,7157102.0
MAR,Morocco,Africa,Africa,North Africa,developing,2006,Industry,Other (industry),CH4,28,27.0,343.3559,9613.9652,9270.6093
MAR,Morocco,Africa,Africa,North Africa,developing,2006,Industry,Other (industry),N2O,265,273.0,69.724836,18477.08154,19034.880228
MAR,Morocco,Africa,Africa,North Africa,developing,2006,Industry,Other (industry),HFC-125,3170,3740.0,54.234858,171924.49986,202838.36892
MAR,Morocco,Africa,Africa,North Africa,developing,2006,Industry,Other (industry),HFC-134a,1300,1530.0,190.373127,247485.0651,291270.88431
MAR,Morocco,Africa,Africa,North Africa,developing,2006,Industry,Other (industry),HFC-143a,4800,5810.0,30.304247,145460.3856,176067.67507
MAR,Morocco,Africa,Africa,North Africa,developing,2006,Industry,Other (industry),HFC-245fa,858,962.0,10.113759,8677.605222,9729.436158
MAR,Morocco,Africa,Africa,North Africa,developing,2006,Industry,Other (industry),HFC-32,677,771.0,7.399634,5009.552218,5705.117814
MAR,Morocco,Africa,Africa,North Africa,developing,2006,Industry,Other (industry),HFC-365mfc,804,914.0,3.130986,2517.312744,2861.721204
MAR,Morocco,Africa,Africa,North Africa,developing,2006,Industry,Waste,CH4,28,27.0,538337.982,15073463.496,14535125.514
MAR,Morocco,Africa,Africa,North Africa,developing,2006,Industry,Waste,N2O,265,273.0,1753.512,464680.68,478708.776
MAR,Morocco,Africa,Africa,North Africa,developing,2006,Transport,Other (transport),CO2,1,1.0,1424570.0,1424570.0,1424570.0
MAR,Morocco,Africa,Africa,North Africa,developing,2006,Transport,Other (transport),CH4,28,27.0,79.7838,2233.9464,2154.1626
MAR,Morocco,Africa,Africa,North Africa,developing,2006,Transport,Other (transport),N2O,265,273.0,549.835,145706.27500000002,150104.95500000002
MAR,Morocco,Africa,Africa,North Africa,developing,2006,Transport,Road,CO2,1,1.0,10505090.04,10505090.04,10505090.04
MAR,Morocco,Africa,Africa,North Africa,developing,2006,Transport,Road,CH4,28,27.0,572.6756403,16034.917928400002,15462.242288100002
MAR,Morocco,Africa,Africa,North Africa,developing,2006,Transport,Road,N2O,265,273.0,114.6479915,30381.717747500003,31298.901679500003
MAR,Morocco,Africa,Africa,North Africa,developing,2007,AFOLU,"Biomass burning (CH4, N2O)",CH4,28,27.0,154.34078409,4321.54195452,4167.20117043
MAR,Morocco,Africa,Africa,North Africa,developing,2007,AFOLU,"Biomass burning (CH4, N2O)",N2O,265,273.0,4.0014243753,1060.3774594545,1092.3888544569
MAR,Morocco,Africa,Africa,North Africa,developing,2007,AFOLU,Enteric Fermentation (CH4),CH4,28,27.0,253645.2,7102065.600000001,6848420.4
MAR,Morocco,Africa,Africa,North Africa,developing,2007,AFOLU,"Managed soils and pasture (CO2, N2O)",CO2,1,1.0,259034.3,259034.3,259034.3
MAR,Morocco,Africa,Africa,North Africa,developing,2007,AFOLU,"Managed soils and pasture (CO2, N2O)",N2O,265,273.0,11568.64440714,3065690.7678921,3158239.92314922
MAR,Morocco,Africa,Africa,North Africa,developing,2007,AFOLU,"Manure management (N2O, CH4)",CH4,28,27.0,10979.2344,307418.5632,296439.3288
MAR,Morocco,Africa,Africa,North Africa,developing,2007,AFOLU,"Manure management (N2O, CH4)",N2O,265,273.0,178.22071008,47228.4881712,48654.25385184
MAR,Morocco,Africa,Africa,North Africa,developing,2007,AFOLU,Rice cultivation (CH4),CH4,28,27.0,572.662,16034.536,15461.874000000002
MAR,Morocco,Africa,Africa,North Africa,developing,2007,AFOLU,Synthetic fertilizer application (N2O),N2O,265,273.0,3629.938,961933.57,990973.074
MAR,Morocco,Africa,Africa,North Africa,developing,2007,Buildings,Non-CO2 (all buildings),HFC-152a,138,164.0,90.743083,12522.545454,14881.865612
MAR,Morocco,Africa,Africa,North Africa,developing,2007,Buildings,Non-CO2 (all buildings),HFC-227ea,3350,3600.0,9.711068,32532.077799999995,34959.8448
MAR,Morocco,Africa,Africa,North Africa,developing,2007,Buildings,Non-residential,CO2,1,1.0,320201.9,320201.9,320201.9
MAR,Morocco,Africa,Africa,North Africa,developing,2007,Buildings,Non-residential,CH4,28,27.0,10315.89,288844.92,278529.03
MAR,Morocco,Africa,Africa,North Africa,developing,2007,Buildings,Non-residential,N2O,265,273.0,138.1834,36618.601,37724.0682
MAR,Morocco,Africa,Africa,North Africa,developing,2007,Buildings,Residential,CO2,1,1.0,4432210.0,4432210.0,4432210.0
MAR,Morocco,Africa,Africa,North Africa,developing,2007,Buildings,Residential,CH4,28,27.0,12108.805,339046.54000000004,326937.735
MAR,Morocco,Africa,Africa,North Africa,developing,2007,Buildings,Residential,N2O,265,273.0,163.7921,43404.906500000005,44715.2433
MAR,Morocco,Africa,Africa,North Africa,developing,2007,Energy systems,Electricity & heat,CO2,1,1.0,16236780.56,16236780.56,16236780.56
MAR,Morocco,Africa,Africa,North Africa,developing,2007,Energy systems,Electricity & heat,CH4,28,27.0,170.368376,4770.314528000001,4599.946152
MAR,Morocco,Africa,Africa,North Africa,developing,2007,Energy systems,Electricity & heat,N2O,265,273.0,199.3754495,52834.4941175,54429.4977135
MAR,Morocco,Africa,Africa,North Africa,developing,2007,Energy systems,Oil and gas fugitive emissions,CO2,1,1.0,29.38712,29.38712,29.38712
MAR,Morocco,Africa,Africa,North Africa,developing,2007,Energy systems,Oil and gas fugitive emissions,CH4,30,29.8,9192.05405,275761.6215,273923.21069000004
MAR,Morocco,Africa,Africa,North Africa,developing,2007,Energy systems,Oil and gas fugitive emissions,N2O,265,273.0,0.000801635,0.212433275,0.218846355
MAR,Morocco,Africa,Africa,North Africa,developing,2007,Energy systems,Other (energy systems),CO2,1,1.0,242846.9,242846.9,242846.9
MAR,Morocco,Africa,Africa,North Africa,developing,2007,Energy systems,Other (energy systems),CH4,28,27.0,1549.36,43382.08,41832.72
MAR,Morocco,Africa,Africa,North Africa,developing,2007,Energy systems,Other (energy systems),N2O,265,273.0,986.941,261539.365,269434.893
MAR,Morocco,Africa,Africa,North Africa,developing,2007,Energy systems,Petroleum refining,CO2,1,1.0,489748.0,489748.0,489748.0
MAR,Morocco,Africa,Africa,North Africa,developing,2007,Energy systems,Petroleum refining,CH4,28,27.0,15.959,446.852,430.893
MAR,Morocco,Africa,Africa,North Africa,developing,2007,Energy systems,Petroleum refining,N2O,265,273.0,2.9465,780.8225,804.3945
MAR,Morocco,Africa,Africa,North Africa,developing,2007,Industry,Cement,CO2,1,1.0,4191000.0,4191000.0,4191000.0
MAR,Morocco,Africa,Africa,North Africa,developing,2007,Industry,Chemicals,CO2,1,1.0,171779.671,171779.671,171779.671
MAR,Morocco,Africa,Africa,North Africa,developing,2007,Industry,Chemicals,N2O,265,273.0,102.86858,27260.1737,28083.12234
MAR,Morocco,Africa,Africa,North Africa,developing,2007,Industry,Metals,CO2,1,1.0,42990.8,42990.8,42990.8
MAR,Morocco,Africa,Africa,North Africa,developing,2007,Industry,Other (industry),CO2,1,1.0,7208087.1,7208087.1,7208087.1
MAR,Morocco,Africa,Africa,North Africa,developing,2007,Industry,Other (industry),CH4,28,27.0,350.0255,9800.714,9450.6885
MAR,Morocco,Africa,Africa,North Africa,developing,2007,Industry,Other (industry),N2O,265,273.0,70.918696,18793.45444,19360.804008
MAR,Morocco,Africa,Africa,North Africa,developing,2007,Industry,Other (industry),HFC-125,3170,3740.0,51.85658,164385.3586,193943.6092
MAR,Morocco,Africa,Africa,North Africa,developing,2007,Industry,Other (industry),HFC-134a,1300,1530.0,194.311475,252604.9175,297296.55675
MAR,Morocco,Africa,Africa,North Africa,developing,2007,Industry,Other (industry),HFC-143a,4800,5810.0,31.932821,153277.54080000002,185529.69001
MAR,Morocco,Africa,Africa,North Africa,developing,2007,Industry,Other (industry),HFC-245fa,858,962.0,14.168758,12156.794364,13630.345196
MAR,Morocco,Africa,Africa,North Africa,developing,2007,Industry,Other (industry),HFC-32,677,771.0,7.515995,5088.328615,5794.832145
MAR,Morocco,Africa,Africa,North Africa,developing,2007,Industry,Other (industry),HFC-365mfc,804,914.0,4.782537,3845.159748,4371.238818
MAR,Morocco,Africa,Africa,North Africa,developing,2007,Industry,Waste,CH4,28,27.0,557190.552,15601335.456,15044144.904
MAR,Morocco,Africa,Africa,North Africa,developing,2007,Industry,Waste,N2O,265,273.0,1767.85,468480.25,482623.05
MAR,Morocco,Africa,Africa,North Africa,developing,2007,Transport,Other (transport),CO2,1,1.0,1424570.0,1424570.0,1424570.0
MAR,Morocco,Africa,Africa,North Africa,developing,2007,Transport,Other (transport),CH4,28,27.0,79.7838,2233.9464,2154.1626
MAR,Morocco,Africa,Africa,North Africa,developing,2007,Transport,Other (transport),N2O,265,273.0,549.835,145706.27500000002,150104.95500000002
MAR,Morocco,Africa,Africa,North Africa,developing,2007,Transport,Road,CO2,1,1.0,11166157.29,11166157.29,11166157.29
MAR,Morocco,Africa,Africa,North Africa,developing,2007,Transport,Road,CH4,28,27.0,526.761883,14749.332724,14222.570841
MAR,Morocco,Africa,Africa,North Africa,developing,2007,Transport,Road,N2O,265,273.0,125.18187043,33173.19566395,34174.65062739
MAR,Morocco,Africa,Africa,North Africa,developing,2008,AFOLU,"Biomass burning (CH4, N2O)",CH4,28,27.0,246.33351437,6897.338402359999,6651.00488799
MAR,Morocco,Africa,Africa,North Africa,developing,2008,AFOLU,"Biomass burning (CH4, N2O)",N2O,265,273.0,6.3864320071,1692.4044818815,1743.4959379383
MAR,Morocco,Africa,Africa,North Africa,developing,2008,AFOLU,Enteric Fermentation (CH4),CH4,28,27.0,256277.4,7175767.2,6919489.8
MAR,Morocco,Africa,Africa,North Africa,developing,2008,AFOLU,"Managed soils and pasture (CO2, N2O)",CO2,1,1.0,254068.6,254068.6,254068.6
MAR,Morocco,Africa,Africa,North Africa,developing,2008,AFOLU,"Managed soils and pasture (CO2, N2O)",N2O,265,273.0,11753.96119381,3114799.7163596503,3208831.40591013
MAR,Morocco,Africa,Africa,North Africa,developing,2008,AFOLU,"Manure management (N2O, CH4)",CH4,28,27.0,11311.2196,316714.1488,305402.9292
MAR,Morocco,Africa,Africa,North Africa,developing,2008,AFOLU,"Manure management (N2O, CH4)",N2O,265,273.0,186.97020008,49547.1030212,51042.86462184
MAR,Morocco,Africa,Africa,North Africa,developing,2008,AFOLU,Rice cultivation (CH4),CH4,28,27.0,814.453,22804.684,21990.231
MAR,Morocco,Africa,Africa,North Africa,developing,2008,AFOLU,Synthetic fertilizer application (N2O),N2O,265,273.0,3064.23,812020.95,836534.79
MAR,Morocco,Africa,Africa,North Africa,developing,2008,Buildings,Non-CO2 (all buildings),HFC-152a,138,164.0,103.064707,14222.929566,16902.611947999998
MAR,Morocco,Africa,Africa,North Africa,developing,2008,Buildings,Non-CO2 (all buildings),HFC-227ea,3350,3600.0,9.781883,32769.30805,35214.7788
MAR,Morocco,Africa,Africa,North Africa,developing,2008,Buildings,Non-residential,CO2,1,1.0,341761.0,341761.0,341761.0
MAR,Morocco,Africa,Africa,North Africa,developing,2008,Buildings,Non-residential,CH4,28,27.0,9428.035,263984.98,254556.945
MAR,Morocco,Africa,Africa,North Africa,developing,2008,Buildings,Non-residential,N2O,265,273.0,126.4123,33499.2595,34510.5579
MAR,Morocco,Africa,Africa,North Africa,developing,2008,Buildings,Residential,CO2,1,1.0,4718680.0,4718680.0,4718680.0
MAR,Morocco,Africa,Africa,North Africa,developing,2008,Buildings,Residential,CH4,28,27.0,11112.705,311155.74,300043.035
MAR,Morocco,Africa,Africa,North Africa,developing,2008,Buildings,Residential,N2O,265,273.0,150.6621,39925.4565,41130.7533
MAR,Morocco,Africa,Africa,North Africa,developing,2008,Energy systems,Electricity & heat,CO2,1,1.0,16443112.78,16443112.78,16443112.78
MAR,Morocco,Africa,Africa,North Africa,developing,2008,Energy systems,Electricity & heat,CH4,28,27.0,188.876358,5288.538024,5099.661666
MAR,Morocco,Africa,Africa,North Africa,developing,2008,Energy systems,Electricity & heat,N2O,265,273.0,193.5925155,51302.0166075,52850.7567315
MAR,Morocco,Africa,Africa,North Africa,developing,2008,Energy systems,Oil and gas fugitive emissions,CO2,1,1.0,24.4973,24.4973,24.4973
MAR,Morocco,Africa,Africa,North Africa,developing,2008,Energy systems,Oil and gas fugitive emissions,CH4,30,29.8,8888.22901,266646.87029999995,264869.224498
MAR,Morocco,Africa,Africa,North Africa,developing,2008,Energy systems,Oil and gas fugitive emissions,N2O,265,273.0,0.000655543,0.1737188949999999,0.178963239
MAR,Morocco,Africa,Africa,North Africa,developing,2008,Energy systems,Other (energy systems),CO2,1,1.0,260856.4,260856.4,260856.4
MAR,Morocco,Africa,Africa,North Africa,developing,2008,Energy systems,Other (energy systems),CH4,28,27.0,1550.99,43427.72,41876.73
MAR,Morocco,Africa,Africa,North Africa,developing,2008,Energy systems,Other (energy systems),N2O,265,273.0,1010.5036,267783.454,275867.4828
MAR,Morocco,Africa,Africa,North Africa,developing,2008,Energy systems,Petroleum refining,CO2,1,1.0,476955.0,476955.0,476955.0
MAR,Morocco,Africa,Africa,North Africa,developing,2008,Energy systems,Petroleum refining,CH4,28,27.0,15.404,431.312,415.908
MAR,Morocco,Africa,Africa,North Africa,developing,2008,Energy systems,Petroleum refining,N2O,265,273.0,2.8307,750.1355000000001,772.7811
MAR,Morocco,Africa,Africa,North Africa,developing,2008,Industry,Cement,CO2,1,1.0,5264000.0,5264000.0,5264000.0
MAR,Morocco,Africa,Africa,North Africa,developing,2008,Industry,Chemicals,CO2,1,1.0,181194.757,181194.757,181194.757
MAR,Morocco,Africa,Africa,North Africa,developing,2008,Industry,Chemicals,N2O,265,273.0,104.09077,27584.05405,28416.78021
MAR,Morocco,Africa,Africa,North Africa,developing,2008,Industry,Metals,CO2,1,1.0,84845.2,84845.2,84845.2
MAR,Morocco,Africa,Africa,North Africa,developing,2008,Industry,Metals,CH4,28,27.0,4.97,139.16,134.19
MAR,Morocco,Africa,Africa,North Africa,developing,2008,Industry,Metals,N2O,265,273.0,0.7455,197.5575,203.5215
MAR,Morocco,Africa,Africa,North Africa,developing,2008,Industry,Other (industry),CO2,1,1.0,7341622.0,7341622.0,7341622.0
MAR,Morocco,Africa,Africa,North Africa,developing,2008,Industry,Other (industry),CH4,28,27.0,359.69766,10071.53448,9711.83682
MAR,Morocco,Africa,Africa,North Africa,developing,2008,Industry,Other (industry),N2O,265,273.0,70.713266,18739.01549,19304.721618
MAR,Morocco,Africa,Africa,North Africa,developing,2008,Industry,Other (industry),HFC-125,3170,3740.0,51.99995,164839.84149999998,194479.813
MAR,Morocco,Africa,Africa,North Africa,developing,2008,Industry,Other (industry),HFC-134a,1300,1530.0,198.249824,257724.7712,303322.23072
MAR,Morocco,Africa,Africa,North Africa,developing,2008,Industry,Other (industry),HFC-143a,4800,5810.0,33.959111,163003.7328,197302.43491
MAR,Morocco,Africa,Africa,North Africa,developing,2008,Industry,Other (industry),HFC-245fa,858,962.0,21.141984,18139.822272,20338.588608
MAR,Morocco,Africa,Africa,North Africa,developing,2008,Industry,Other (industry),HFC-32,677,771.0,7.632357,5167.105689,5884.547247
MAR,Morocco,Africa,Africa,North Africa,developing,2008,Industry,Other (industry),HFC-365mfc,804,914.0,7.403696,5952.571584,6766.978144
MAR,Morocco,Africa,Africa,North Africa,developing,2008,Industry,Waste,CH4,28,27.0,566168.1435,15852708.018,15286539.8745
MAR,Morocco,Africa,Africa,North Africa,developing,2008,Industry,Waste,N2O,265,273.0,1800.813,477215.445,491621.949
MAR,Morocco,Africa,Africa,North Africa,developing,2008,Transport,Other (transport),CO2,1,1.0,1456660.0,1456660.0,1456660.0
MAR,Morocco,Africa,Africa,North Africa,developing,2008,Transport,Other (transport),CH4,28,27.0,81.5807,2284.2596,2202.6789
MAR,Morocco,Africa,Africa,North Africa,developing,2008,Transport,Other (transport),N2O,265,273.0,562.219,148988.035,153485.787
MAR,Morocco,Africa,Africa,North Africa,developing,2008,Transport,Road,CO2,1,1.0,12234603.129,12234603.129,12234603.129
MAR,Morocco,Africa,Africa,North Africa,developing,2008,Transport,Road,CH4,28,27.0,530.319143,14848.936004,14318.616861000002
MAR,Morocco,Africa,Africa,North Africa,developing,2008,Transport,Road,N2O,265,273.0,139.42809436,36948.4450054,38063.86976028
MAR,Morocco,Africa,Africa,North Africa,developing,2009,AFOLU,"Biomass burning (CH4, N2O)",CH4,28,27.0,381.02488971,10668.69691188,10287.672022170002
MAR,Morocco,Africa,Africa,North Africa,developing,2009,AFOLU,"Biomass burning (CH4, N2O)",N2O,265,273.0,9.8784309313,2617.7841967945,2696.8116442449
MAR,Morocco,Africa,Africa,North Africa,developing,2009,AFOLU,Enteric Fermentation (CH4),CH4,28,27.0,257280.1,7203842.8,6946562.7
MAR,Morocco,Africa,Africa,North Africa,developing,2009,AFOLU,"Managed soils and pasture (CO2, N2O)",CO2,1,1.0,255388.6,255388.6,255388.6
MAR,Morocco,Africa,Africa,North Africa,developing,2009,AFOLU,"Managed soils and pasture (CO2, N2O)",N2O,265,273.0,11990.21187482,3177406.1468273,3273327.84182586
MAR,Morocco,Africa,Africa,North Africa,developing,2009,AFOLU,"Manure management (N2O, CH4)",CH4,28,27.0,11418.1026,319706.8728,308288.7702
MAR,Morocco,Africa,Africa,North Africa,developing,2009,AFOLU,"Manure management (N2O, CH4)",N2O,265,273.0,190.33477008,50438.7140712,51961.39223184
MAR,Morocco,Africa,Africa,North Africa,developing,2009,AFOLU,Rice cultivation (CH4),CH4,28,27.0,992.615,27793.22,26800.605
MAR,Morocco,Africa,Africa,North Africa,developing,2009,AFOLU,Synthetic fertilizer application (N2O),N2O,265,273.0,3142.804,832843.06,857985.492
MAR,Morocco,Africa,Africa,North Africa,developing,2009,Buildings,Non-CO2 (all buildings),HFC-152a,138,164.0,115.38633,15923.31354,18923.35812
MAR,Morocco,Africa,Africa,North Africa,developing,2009,Buildings,Non-CO2 (all buildings),HFC-227ea,3350,3600.0,10.042669,33642.94115,36153.6084
MAR,Morocco,Africa,Africa,North Africa,developing,2009,Buildings,Non-residential,CO2,1,1.0,339311.0,339311.0,339311.0
MAR,Morocco,Africa,Africa,North Africa,developing,2009,Buildings,Non-residential,CH4,28,27.0,8453.2,236689.60000000003,228236.4
MAR,Morocco,Africa,Africa,North Africa,developing,2009,Buildings,Non-residential,N2O,265,273.0,113.4504,30064.356,30971.9592
MAR,Morocco,Africa,Africa,North Africa,developing,2009,Buildings,Residential,CO2,1,1.0,4805250.0,4805250.0,4805250.0
MAR,Morocco,Africa,Africa,North Africa,developing,2009,Buildings,Residential,CH4,28,27.0,10003.565,280099.82,270096.255
MAR,Morocco,Africa,Africa,North Africa,developing,2009,Buildings,Residential,N2O,265,273.0,135.9193,36018.6145,37105.9689
MAR,Morocco,Africa,Africa,North Africa,developing,2009,Energy systems,Electricity & heat,CO2,1,1.0,14995942.049,14995942.049,14995942.049
MAR,Morocco,Africa,Africa,North Africa,developing,2009,Energy systems,Electricity & heat,CH4,28,27.0,166.417053,4659.677484,4493.260431000001
MAR,Morocco,Africa,Africa,North Africa,developing,2009,Energy systems,Electricity & heat,N2O,265,273.0,176.7819994,46847.229841,48261.4858362
MAR,Morocco,Africa,Africa,North Africa,developing,2009,Energy systems,Oil and gas fugitive emissions,CO2,1,1.0,21.638646,21.638646,21.638646
MAR,Morocco,Africa,Africa,North Africa,developing,2009,Energy systems,Oil and gas fugitive emissions,CH4,30,29.8,8531.17459,255935.23770000003,254229.00278200005
MAR,Morocco,Africa,Africa,North Africa,developing,2009,Energy systems,Oil and gas fugitive emissions,N2O,265,273.0,0.00058437,0.15485805,0.15953301
MAR,Morocco,Africa,Africa,North Africa,developing,2009,Energy systems,Other (energy systems),CO2,1,1.0,258043.9,258043.9,258043.9
MAR,Morocco,Africa,Africa,North Africa,developing,2009,Energy systems,Other (energy systems),CH4,28,27.0,1550.97,43427.16,41876.19
MAR,Morocco,Africa,Africa,North Africa,developing,2009,Energy systems,Other (energy systems),N2O,265,273.0,975.7312,258568.768,266374.6176
MAR,Morocco,Africa,Africa,North Africa,developing,2009,Energy systems,Petroleum refining,CO2,1,1.0,855758.0,855758.0,855758.0
MAR,Morocco,Africa,Africa,North Africa,developing,2009,Energy systems,Petroleum refining,CH4,28,27.0,27.774,777.672,749.898
MAR,Morocco,Africa,Africa,North Africa,developing,2009,Energy systems,Petroleum refining,N2O,265,273.0,5.1171,1356.0314999999998,1396.9683
MAR,Morocco,Africa,Africa,North Africa,developing,2009,Industry,Cement,CO2,1,1.0,5133000.0,5133000.0,5133000.0
MAR,Morocco,Africa,Africa,North Africa,developing,2009,Industry,Chemicals,CO2,1,1.0,182051.559,182051.559,182051.559
MAR,Morocco,Africa,Africa,North Africa,developing,2009,Industry,Chemicals,N2O,265,273.0,105.38545,27927.14425,28770.227850000003
MAR,Morocco,Africa,Africa,North Africa,developing,2009,Industry,Metals,CO2,1,1.0,50921.4,50921.4,50921.4
MAR,Morocco,Africa,Africa,North Africa,developing,2009,Industry,Metals,CH4,28,27.0,2.21,61.88,59.67
MAR,Morocco,Africa,Africa,North Africa,developing,2009,Industry,Metals,N2O,265,273.0,0.3315,87.84750000000001,90.4995
MAR,Morocco,Africa,Africa,North Africa,developing,2009,Industry,Other (industry),CO2,1,1.0,7370631.7,7370631.7,7370631.7
MAR,Morocco,Africa,Africa,North Africa,developing,2009,Industry,Other (industry),CH4,28,27.0,355.13924,9943.89872,9588.75948
MAR,Morocco,Africa,Africa,North Africa,developing,2009,Industry,Other (industry),N2O,265,273.0,70.185924,18599.26986,19160.757252
MAR,Morocco,Africa,Africa,North Africa,developing,2009,Industry,Other (industry),HFC-125,3170,3740.0,53.583338,169859.18146,200401.68412
MAR,Morocco,Africa,Africa,North Africa,developing,2009,Industry,Other (industry),HFC-134a,1300,1530.0,202.188172,262844.6236,309347.90316
MAR,Morocco,Africa,Africa,North Africa,developing,2009,Industry,Other (industry),HFC-143a,4800,5810.0,34.534499,165765.59519999998,200645.43919
MAR,Morocco,Africa,Africa,North Africa,developing,2009,Industry,Other (industry),HFC-245fa,858,962.0,26.706051,22913.791758,25691.221062
MAR,Morocco,Africa,Africa,North Africa,developing,2009,Industry,Other (industry),HFC-32,677,771.0,7.748718,5245.8820860000005,5974.261578000001
MAR,Morocco,Africa,Africa,North Africa,developing,2009,Industry,Other (industry),HFC-365mfc,804,914.0,9.877076,7941.169104,9027.647464
MAR,Morocco,Africa,Africa,North Africa,developing,2009,Industry,Waste,CH4,28,27.0,582401.9848,16307255.5744,15724853.5896
MAR,Morocco,Africa,Africa,North Africa,developing,2009,Industry,Waste,N2O,265,273.0,1817.162,481547.93,496085.226
MAR,Morocco,Africa,Africa,North Africa,developing,2009,Transport,Other (transport),CO2,1,1.0,1745430.0,1745430.0,1745430.0
MAR,Morocco,Africa,Africa,North Africa,developing,2009,Transport,Other (transport),CH4,28,27.0,97.7532,2737.0896,2639.3364
MAR,Morocco,Africa,Africa,North Africa,developing,2009,Transport,Other (transport),N2O,265,273.0,673.673,178523.345,183912.729
MAR,Morocco,Africa,Africa,North Africa,developing,2009,Transport,Road,CO2,1,1.0,12943885.147,12943885.147,12943885.147
MAR,Morocco,Africa,Africa,North Africa,developing,2009,Transport,Road,CH4,28,27.0,502.763641,14077.381948,13574.618307
MAR,Morocco,Africa,Africa,North Africa,developing,2009,Transport,Road,N2O,265,273.0,145.68317444,38606.0412266,39771.50662212
MAR,Morocco,Africa,Africa,North Africa,developing,2010,AFOLU,"Biomass burning (CH4, N2O)",CH4,28,27.0,305.50627579,8554.17572212,8248.669446330001
MAR,Morocco,Africa,Africa,North Africa,developing,2010,AFOLU,"Biomass burning (CH4, N2O)",N2O,265,273.0,7.9205272191,2098.9397130615,2162.3039308143
MAR,Morocco,Africa,Africa,North Africa,developing,2010,AFOLU,Enteric Fermentation (CH4),CH4,28,27.0,266296.1,7456290.799999999,7189994.699999999
MAR,Morocco,Africa,Africa,North Africa,developing,2010,AFOLU,"Managed soils and pasture (CO2, N2O)",CO2,1,1.0,256708.6,256708.6,256708.6
MAR,Morocco,Africa,Africa,North Africa,developing,2010,AFOLU,"Managed soils and pasture (CO2, N2O)",N2O,265,273.0,12274.21165798,3252666.0893647,3350859.78262854
MAR,Morocco,Africa,Africa,North Africa,developing,2010,AFOLU,"Manure management (N2O, CH4)",CH4,28,27.0,11618.9623,325330.9444,313711.9821
MAR,Morocco,Africa,Africa,North Africa,developing,2010,AFOLU,"Manure management (N2O, CH4)",N2O,265,273.0,197.50356946,52338.4459069,53918.47446258
MAR,Morocco,Africa,Africa,North Africa,developing,2010,AFOLU,Rice cultivation (CH4),CH4,28,27.0,941.712,26367.936,25426.224
MAR,Morocco,Africa,Africa,North Africa,developing,2010,AFOLU,Synthetic fertilizer application (N2O),N2O,265,273.0,3221.372,853663.58,879434.556
MAR,Morocco,Africa,Africa,North Africa,developing,2010,Buildings,Non-CO2 (all buildings),HFC-152a,138,164.0,125.279428,17288.561063999998,20545.826192
MAR,Morocco,Africa,Africa,North Africa,developing,2010,Buildings,Non-CO2 (all buildings),HFC-227ea,3350,3600.0,10.350173,34673.07955,37260.6228
MAR,Morocco,Africa,Africa,North Africa,developing,2010,Buildings,Non-residential,CO2,1,1.0,348428.0,348428.0,348428.0
MAR,Morocco,Africa,Africa,North Africa,developing,2010,Buildings,Non-residential,CH4,28,27.0,8095.0,226660.0,218565.0
MAR,Morocco,Africa,Africa,North Africa,developing,2010,Buildings,Non-residential,N2O,265,273.0,108.6976,28804.864,29674.4448
MAR,Morocco,Africa,Africa,North Africa,developing,2010,Buildings,Residential,CO2,1,1.0,4995866.0,4995866.0,4995866.0
MAR,Morocco,Africa,Africa,North Africa,developing,2010,Buildings,Residential,CH4,28,27.0,9609.01,269052.28,259443.27
MAR,Morocco,Africa,Africa,North Africa,developing,2010,Buildings,Residential,N2O,265,273.0,130.8962,34687.492999999995,35734.6626
MAR,Morocco,Africa,Africa,North Africa,developing,2010,Energy systems,Electricity & heat,CO2,1,1.0,16443021.11,16443021.11,16443021.11
MAR,Morocco,Africa,Africa,North Africa,developing,2010,Energy systems,Electricity & heat,CH4,28,27.0,192.6443365,5394.041422,5201.397085500001
MAR,Morocco,Africa,Africa,North Africa,developing,2010,Energy systems,Electricity & heat,N2O,265,273.0,187.3443451,49646.2514515,51145.0062123
MAR,Morocco,Africa,Africa,North Africa,developing,2010,Energy systems,Oil and gas fugitive emissions,CO2,1,1.0,26.495792,26.495792,26.495792
MAR,Morocco,Africa,Africa,North Africa,developing,2010,Energy systems,Oil and gas fugitive emissions,CH4,30,29.8,9131.12262,273933.6786,272107.454076
MAR,Morocco,Africa,Africa,North Africa,developing,2010,Energy systems,Oil and gas fugitive emissions,N2O,265,273.0,0.000728589,0.1930760849999999,0.198904797
MAR,Morocco,Africa,Africa,North Africa,developing,2010,Energy systems,Other (energy systems),CO2,1,1.0,270059.4,270059.4,270059.4
MAR,Morocco,Africa,Africa,North Africa,developing,2010,Energy systems,Other (energy systems),CH4,28,27.0,1648.225,46150.3,44502.075
MAR,Morocco,Africa,Africa,North Africa,developing,2010,Energy systems,Other (energy systems),N2O,265,273.0,1020.8465,270524.3225,278691.0945
MAR,Morocco,Africa,Africa,North Africa,developing,2010,Energy systems,Petroleum refining,CO2,1,1.0,1312697.0,1312697.0,1312697.0
MAR,Morocco,Africa,Africa,North Africa,developing,2010,Energy systems,Petroleum refining,CH4,28,27.0,42.698,1195.544,1152.846
MAR,Morocco,Africa,Africa,North Africa,developing,2010,Energy systems,Petroleum refining,N2O,265,273.0,7.8758,2087.087,2150.0934
MAR,Morocco,Africa,Africa,North Africa,developing,2010,Industry,Cement,CO2,1,1.0,5096000.0,5096000.0,5096000.0
MAR,Morocco,Africa,Africa,North Africa,developing,2010,Industry,Chemicals,CO2,1,1.0,223044.392,223044.392,223044.392
MAR,Morocco,Africa,Africa,North Africa,developing,2010,Industry,Chemicals,CH4,28,27.0,8.79,246.12,237.33
MAR,Morocco,Africa,Africa,North Africa,developing,2010,Industry,Chemicals,N2O,265,273.0,107.94008,28604.1212,29467.64184
MAR,Morocco,Africa,Africa,North Africa,developing,2010,Industry,Metals,CO2,1,1.0,59434.3,59434.3,59434.3
MAR,Morocco,Africa,Africa,North Africa,developing,2010,Industry,Metals,CH4,28,27.0,2.21,61.88,59.67
MAR,Morocco,Africa,Africa,North Africa,developing,2010,Industry,Metals,N2O,265,273.0,0.3315,87.84750000000001,90.4995
MAR,Morocco,Africa,Africa,North Africa,developing,2010,Industry,Other (industry),CO2,1,1.0,7633925.9,7633925.9,7633925.9
MAR,Morocco,Africa,Africa,North Africa,developing,2010,Industry,Other (industry),CH4,28,27.0,365.70956,10239.86768,9874.15812
MAR,Morocco,Africa,Africa,North Africa,developing,2010,Industry,Other (industry),N2O,265,273.0,72.528777,19220.125905,19800.356121
MAR,Morocco,Africa,Africa,North Africa,developing,2010,Industry,Other (industry),HFC-125,3170,3740.0,47.524527,150652.75059,177741.73098
MAR,Morocco,Africa,Africa,North Africa,developing,2010,Industry,Other (industry),HFC-134a,1300,1530.0,206.12652,267964.476,315373.5756
MAR,Morocco,Africa,Africa,North Africa,developing,2010,Industry,Other (industry),HFC-143a,4800,5810.0,33.958267,162999.6816,197297.53127
MAR,Morocco,Africa,Africa,North Africa,developing,2010,Industry,Other (industry),HFC-245fa,858,962.0,30.745923,26380.001934,29577.577926
MAR,Morocco,Africa,Africa,North Africa,developing,2010,Industry,Other (industry),HFC-32,677,771.0,15.934566,10787.701182,12285.550386
MAR,Morocco,Africa,Africa,North Africa,developing,2010,Industry,Other (industry),HFC-365mfc,804,914.0,11.649232,9365.982528,10647.398048
MAR,Morocco,Africa,Africa,North Africa,developing,2010,Industry,Waste,CH4,28,27.0,599825.6808,16795119.0624,16195293.3816
MAR,Morocco,Africa,Africa,North Africa,developing,2010,Industry,Waste,N2O,265,273.0,1875.775,497080.375,512086.575
MAR,Morocco,Africa,Africa,North Africa,developing,2010,Transport,Other (transport),CO2,1,1.0,1771140.0,1771140.0,1771140.0
MAR,Morocco,Africa,Africa,North Africa,developing,2010,Transport,Other (transport),CH4,28,27.0,99.1933,2777.4124,2678.2191
MAR,Morocco,Africa,Africa,North Africa,developing,2010,Transport,Other (transport),N2O,265,273.0,683.597,181153.205,186621.981
MAR,Morocco,Africa,Africa,North Africa,developing,2010,Transport,Road,CO2,1,1.0,13616292.945,13616292.945,13616292.945
MAR,Morocco,Africa,Africa,North Africa,developing,2010,Transport,Road,CH4,28,27.0,471.058024,13189.624672,12718.566648
MAR,Morocco,Africa,Africa,North Africa,developing,2010,Transport,Road,N2O,265,273.0,154.2439642,40874.650513,42108.6022266
MAR,Morocco,Africa,Africa,North Africa,developing,2011,AFOLU,"Biomass burning (CH4, N2O)",CH4,28,27.0,345.57728743,9676.16404804,9330.58676061
MAR,Morocco,Africa,Africa,North Africa,developing,2011,AFOLU,"Biomass burning (CH4, N2O)",N2O,265,273.0,8.9593986333,2374.2406378245,2445.9158268909
MAR,Morocco,Africa,Africa,North Africa,developing,2011,AFOLU,Enteric Fermentation (CH4),CH4,28,27.0,282399.45,7907184.600000001,7624785.15
MAR,Morocco,Africa,Africa,North Africa,developing,2011,AFOLU,"Managed soils and pasture (CO2, N2O)",CO2,1,1.0,258068.6,258068.6,258068.6
MAR,Morocco,Africa,Africa,North Africa,developing,2011,AFOLU,"Managed soils and pasture (CO2, N2O)",N2O,265,273.0,12902.85066117,3419255.42521005,3522478.23049941
MAR,Morocco,Africa,Africa,North Africa,developing,2011,AFOLU,"Manure management (N2O, CH4)",CH4,28,27.0,12356.4145,345979.606,333623.1915
MAR,Morocco,Africa,Africa,North Africa,developing,2011,AFOLU,"Manure management (N2O, CH4)",N2O,265,273.0,206.69478967,54774.11926255,56427.67757991
MAR,Morocco,Africa,Africa,North Africa,developing,2011,AFOLU,Rice cultivation (CH4),CH4,28,27.0,323.2361,9050.6108,8727.3747
MAR,Morocco,Africa,Africa,North Africa,developing,2011,AFOLU,Synthetic fertilizer application (N2O),N2O,265,273.0,3142.796,832840.94,857983.308
MAR,Morocco,Africa,Africa,North Africa,developing,2011,Buildings,Non-CO2 (all buildings),HFC-152a,138,164.0,127.557246,17602.899948000002,20919.388344000003
MAR,Morocco,Africa,Africa,North Africa,developing,2011,Buildings,Non-CO2 (all buildings),HFC-227ea,3350,3600.0,10.222365,34244.92275,36800.514
MAR,Morocco,Africa,Africa,North Africa,developing,2011,Buildings,Non-residential,CO2,1,1.0,345840.0,345840.0,345840.0
MAR,Morocco,Africa,Africa,North Africa,developing,2011,Buildings,Non-residential,CH4,28,27.0,8138.05,227865.4,219727.35
MAR,Morocco,Africa,Africa,North Africa,developing,2011,Buildings,Non-residential,N2O,265,273.0,109.307,28966.355,29840.811
MAR,Morocco,Africa,Africa,North Africa,developing,2011,Buildings,Residential,CO2,1,1.0,5252622.0,5252622.0,5252622.0
MAR,Morocco,Africa,Africa,North Africa,developing,2011,Buildings,Residential,CH4,28,27.0,8899.72,249192.16,240292.44
MAR,Morocco,Africa,Africa,North Africa,developing,2011,Buildings,Residential,N2O,265,273.0,121.5404,32208.206,33180.529200000004
MAR,Morocco,Africa,Africa,North Africa,developing,2011,Energy systems,Electricity & heat,CO2,1,1.0,18650164.94,18650164.94,18650164.94
MAR,Morocco,Africa,Africa,North Africa,developing,2011,Energy systems,Electricity & heat,CH4,28,27.0,225.601851,6316.851828000001,6091.249977
MAR,Morocco,Africa,Africa,North Africa,developing,2011,Energy systems,Electricity & heat,N2O,265,273.0,206.7883858,54798.922237,56453.2293234
MAR,Morocco,Africa,Africa,North Africa,developing,2011,Energy systems,Oil and gas fugitive emissions,CO2,1,1.0,26.69594,26.69594,26.69594
MAR,Morocco,Africa,Africa,North Africa,developing,2011,Energy systems,Oil and gas fugitive emissions,CH4,30,29.8,9470.7468,284122.40400000004,282228.25464000006
MAR,Morocco,Africa,Africa,North Africa,developing,2011,Energy systems,Oil and gas fugitive emissions,N2O,265,273.0,0.000728589,0.1930760849999999,0.198904797
MAR,Morocco,Africa,Africa,North Africa,developing,2011,Energy systems,Other (energy systems),CO2,1,1.0,264128.4,264128.4,264128.4
MAR,Morocco,Africa,Africa,North Africa,developing,2011,Energy systems,Other (energy systems),CH4,28,27.0,1647.755,46137.14,44489.385
MAR,Morocco,Africa,Africa,North Africa,developing,2011,Energy systems,Other (energy systems),N2O,265,273.0,1094.3981,290015.4965,298770.68130000005
MAR,Morocco,Africa,Africa,North Africa,developing,2011,Energy systems,Petroleum refining,CO2,1,1.0,1327183.0,1327183.0,1327183.0
MAR,Morocco,Africa,Africa,North Africa,developing,2011,Energy systems,Petroleum refining,CH4,28,27.0,43.082,1206.296,1163.214
MAR,Morocco,Africa,Africa,North Africa,developing,2011,Energy systems,Petroleum refining,N2O,265,273.0,7.9382,2103.623,2167.1286
MAR,Morocco,Africa,Africa,North Africa,developing,2011,Industry,Cement,CO2,1,1.0,4956000.0,4956000.0,4956000.0
MAR,Morocco,Africa,Africa,North Africa,developing,2011,Industry,Chemicals,CO2,1,1.0,232591.7354,232591.7354,232591.7354
MAR,Morocco,Africa,Africa,North Africa,developing,2011,Industry,Chemicals,CH4,28,27.0,9.78,273.84,264.06
MAR,Morocco,Africa,Africa,North Africa,developing,2011,Industry,Chemicals,N2O,265,273.0,109.55189,29031.25085,29907.66597
MAR,Morocco,Africa,Africa,North Africa,developing,2011,Industry,Metals,CO2,1,1.0,96509.9,96509.9,96509.9
MAR,Morocco,Africa,Africa,North Africa,developing,2011,Industry,Metals,CH4,28,27.0,3.17,88.75999999999999,85.59
MAR,Morocco,Africa,Africa,North Africa,developing,2011,Industry,Metals,N2O,265,273.0,0.5235,138.7275,142.91549999999998
MAR,Morocco,Africa,Africa,North Africa,developing,2011,Industry,Other (industry),CO2,1,1.0,8583766.5,8583766.5,8583766.5
MAR,Morocco,Africa,Africa,North Africa,developing,2011,Industry,Other (industry),CH4,28,27.0,403.8358,11307.4024,10903.5666
MAR,Morocco,Africa,Africa,North Africa,developing,2011,Industry,Other (industry),N2O,265,273.0,78.636637,20838.708805,21467.801901
MAR,Morocco,Africa,Africa,North Africa,developing,2011,Industry,Other (industry),HFC-125,3170,3740.0,45.847684,145337.15828,171470.33816
MAR,Morocco,Africa,Africa,North Africa,developing,2011,Industry,Other (industry),HFC-134a,1300,1530.0,210.064868,273084.3284,321399.24804
MAR,Morocco,Africa,Africa,North Africa,developing,2011,Industry,Other (industry),HFC-143a,4800,5810.0,35.110821,168531.9408,203993.87001
MAR,Morocco,Africa,Africa,North Africa,developing,2011,Industry,Other (industry),HFC-245fa,858,962.0,32.407358,27805.513164000004,31175.878396000004
MAR,Morocco,Africa,Africa,North Africa,developing,2011,Industry,Other (industry),HFC-32,677,771.0,12.350798,8361.490246,9522.465258
MAR,Morocco,Africa,Africa,North Africa,developing,2011,Industry,Other (industry),HFC-365mfc,804,914.0,12.234646,9836.655384,11182.466444
MAR,Morocco,Africa,Africa,North Africa,developing,2011,Industry,Waste,CH4,28,27.0,618621.1924,17321393.3872,16702772.1948
MAR,Morocco,Africa,Africa,North Africa,developing,2011,Industry,Waste,N2O,265,273.0,1943.261,514964.165,530510.253
MAR,Morocco,Africa,Africa,North Africa,developing,2011,Transport,Other (transport),CO2,1,1.0,1883400.0,1883400.0,1883400.0
MAR,Morocco,Africa,Africa,North Africa,developing,2011,Transport,Other (transport),CH4,28,27.0,105.481,2953.468,2847.987
MAR,Morocco,Africa,Africa,North Africa,developing,2011,Transport,Other (transport),N2O,265,273.0,726.926,192635.39,198450.798
MAR,Morocco,Africa,Africa,North Africa,developing,2011,Transport,Road,CO2,1,1.0,14413571.469,14413571.469,14413571.469
MAR,Morocco,Africa,Africa,North Africa,developing,2011,Transport,Road,CH4,28,27.0,494.941622,13858.365416,13363.423794
MAR,Morocco,Africa,Africa,North Africa,developing,2011,Transport,Road,N2O,265,273.0,160.25579623,42467.78600095,43749.83237079
MAR,Morocco,Africa,Africa,North Africa,developing,2012,AFOLU,"Biomass burning (CH4, N2O)",CH4,28,27.0,243.39693938,6815.11430264,6571.71736326
MAR,Morocco,Africa,Africa,North Africa,developing,2012,AFOLU,"Biomass burning (CH4, N2O)",N2O,265,273.0,6.3103046866,1672.230741949,1722.7131794418
MAR,Morocco,Africa,Africa,North Africa,developing,2012,AFOLU,Enteric Fermentation (CH4),CH4,28,27.0,281839.1,7891494.799999999,7609655.699999999
MAR,Morocco,Africa,Africa,North Africa,developing,2012,AFOLU,"Managed soils and pasture (CO2, N2O)",CO2,1,1.0,253150.9,253150.9,253150.9
MAR,Morocco,Africa,Africa,North Africa,developing,2012,AFOLU,"Managed soils and pasture (CO2, N2O)",N2O,265,273.0,12699.64964161,3365407.15502665,3467004.35215953
MAR,Morocco,Africa,Africa,North Africa,developing,2012,AFOLU,"Manure management (N2O, CH4)",CH4,28,27.0,12403.5086,347298.2408,334894.7322
MAR,Morocco,Africa,Africa,North Africa,developing,2012,AFOLU,"Manure management (N2O, CH4)",N2O,265,273.0,208.65507008,55293.5935712,56962.83413184
MAR,Morocco,Africa,Africa,North Africa,developing,2012,AFOLU,Rice cultivation (CH4),CH4,28,27.0,1164.414,32603.592,31439.178
MAR,Morocco,Africa,Africa,North Africa,developing,2012,AFOLU,Synthetic fertilizer application (N2O),N2O,265,273.0,3378.514,895306.2100000001,922334.322
MAR,Morocco,Africa,Africa,North Africa,developing,2012,Buildings,Non-CO2 (all buildings),HFC-152a,138,164.0,122.607658,16919.856804,20107.655912
MAR,Morocco,Africa,Africa,North Africa,developing,2012,Buildings,Non-CO2 (all buildings),HFC-227ea,3350,3600.0,10.037408,33625.3168,36134.6688
MAR,Morocco,Africa,Africa,North Africa,developing,2012,Buildings,Non-residential,CO2,1,1.0,355096.0,355096.0,355096.0
MAR,Morocco,Africa,Africa,North Africa,developing,2012,Buildings,Non-residential,CH4,28,27.0,8187.865,229260.22,221072.355
MAR,Morocco,Africa,Africa,North Africa,developing,2012,Buildings,Non-residential,N2O,265,273.0,109.9949,29148.6485,30028.6077
MAR,Morocco,Africa,Africa,North Africa,developing,2012,Buildings,Residential,CO2,1,1.0,5622828.0,5622828.0,5622828.0
MAR,Morocco,Africa,Africa,North Africa,developing,2012,Buildings,Residential,CH4,28,27.0,8272.02,231616.56,223344.54
MAR,Morocco,Africa,Africa,North Africa,developing,2012,Buildings,Residential,N2O,265,273.0,113.3324,30033.086000000003,30939.7452
MAR,Morocco,Africa,Africa,North Africa,developing,2012,Energy systems,Electricity & heat,CO2,1,1.0,19346109.08,19346109.08,19346109.08
MAR,Morocco,Africa,Africa,North Africa,developing,2012,Energy systems,Electricity & heat,CH4,28,27.0,234.708127,6571.827556,6337.119428999999
MAR,Morocco,Africa,Africa,North Africa,developing,2012,Energy systems,Electricity & heat,N2O,265,273.0,207.6871214,55037.087171,56698.5841422
MAR,Morocco,Africa,Africa,North Africa,developing,2012,Energy systems,Oil and gas fugitive emissions,CO2,1,1.0,19.8137,19.8137,19.8137
MAR,Morocco,Africa,Africa,North Africa,developing,2012,Energy systems,Oil and gas fugitive emissions,CH4,30,29.8,9745.56408,292366.9224,290417.80958400003
MAR,Morocco,Africa,Africa,North Africa,developing,2012,Energy systems,Oil and gas fugitive emissions,N2O,265,273.0,0.000511324,0.13550086,0.1395914519999999
MAR,Morocco,Africa,Africa,North Africa,developing,2012,Energy systems,Other (energy systems),CO2,1,1.0,273088.4,273088.4,273088.4
MAR,Morocco,Africa,Africa,North Africa,developing,2012,Energy systems,Other (energy systems),CH4,28,27.0,1648.465,46157.02,44508.555
MAR,Morocco,Africa,Africa,North Africa,developing,2012,Energy systems,Other (energy systems),N2O,265,273.0,1101.3613,291860.74450000003,300671.6349
MAR,Morocco,Africa,Africa,North Africa,developing,2012,Energy systems,Petroleum refining,CO2,1,1.0,1204108.0,1204108.0,1204108.0
MAR,Morocco,Africa,Africa,North Africa,developing,2012,Energy systems,Petroleum refining,CH4,28,27.0,39.082,1094.296,1055.214
MAR,Morocco,Africa,Africa,North Africa,developing,2012,Energy systems,Petroleum refining,N2O,265,273.0,7.2007,1908.1855,1965.7911
MAR,Morocco,Africa,Africa,North Africa,developing,2012,Industry,Cement,CO2,1,1.0,5759580.0,5759580.0,5759580.0
MAR,Morocco,Africa,Africa,North Africa,developing,2012,Industry,Chemicals,CO2,1,1.0,240370.600413,240370.600413,240370.600413
MAR,Morocco,Africa,Africa,North Africa,developing,2012,Industry,Chemicals,CH4,28,27.0,9.78,273.84,264.06
MAR,Morocco,Africa,Africa,North Africa,developing,2012,Industry,Chemicals,N2O,265,273.0,111.1163,29445.8195,30334.7499
MAR,Morocco,Africa,Africa,North Africa,developing,2012,Industry,Metals,CO2,1,1.0,55935.54,55935.54,55935.54
MAR,Morocco,Africa,Africa,North Africa,developing,2012,Industry,Metals,CH4,28,27.0,1.406,39.368,37.962
MAR,Morocco,Africa,Africa,North Africa,developing,2012,Industry,Metals,N2O,265,273.0,0.2397,63.5205,65.4381
MAR,Morocco,Africa,Africa,North Africa,developing,2012,Industry,Other (industry),CO2,1,1.0,8811049.3,8811049.3,8811049.3
MAR,Morocco,Africa,Africa,North Africa,developing,2012,Industry,Other (industry),CH4,28,27.0,408.6664,11442.6592,11033.9928
MAR,Morocco,Africa,Africa,North Africa,developing,2012,Industry,Other (industry),N2O,265,273.0,79.984867,21195.989755,21835.868691
MAR,Morocco,Africa,Africa,North Africa,developing,2012,Industry,Other (industry),HFC-125,3170,3740.0,47.080756,149245.99652000002,176082.02744
MAR,Morocco,Africa,Africa,North Africa,developing,2012,Industry,Other (industry),HFC-134a,1300,1530.0,214.003216,278204.18080000003,327424.92048000003
MAR,Morocco,Africa,Africa,North Africa,developing,2012,Industry,Other (industry),HFC-143a,4800,5810.0,36.263374,174064.1952,210690.20294
MAR,Morocco,Africa,Africa,North Africa,developing,2012,Industry,Other (industry),HFC-245fa,858,962.0,34.068236,29230.546488,32773.643032
MAR,Morocco,Africa,Africa,North Africa,developing,2012,Industry,Other (industry),HFC-32,677,771.0,9.216487,6239.561699000001,7105.911477000001
MAR,Morocco,Africa,Africa,North Africa,developing,2012,Industry,Other (industry),HFC-365mfc,804,914.0,13.389051,10764.797004,12237.592614
MAR,Morocco,Africa,Africa,North Africa,developing,2012,Industry,Waste,CH4,28,27.0,635853.3621,17803894.138800003,17168040.7767
MAR,Morocco,Africa,Africa,North Africa,developing,2012,Industry,Waste,N2O,265,273.0,2005.011,531327.915,547368.003
MAR,Morocco,Africa,Africa,North Africa,developing,2012,Transport,Other (transport),CO2,1,1.0,1966840.0,1966840.0,1966840.0
MAR,Morocco,Africa,Africa,North Africa,developing,2012,Transport,Other (transport),CH4,28,27.0,110.153,3084.284,2974.1310000000003
MAR,Morocco,Africa,Africa,North Africa,developing,2012,Transport,Other (transport),N2O,265,273.0,759.13,201169.45,207242.49
MAR,Morocco,Africa,Africa,North Africa,developing,2012,Transport,Road,CO2,1,1.0,14624585.941,14624585.941,14624585.941
MAR,Morocco,Africa,Africa,North Africa,developing,2012,Transport,Road,CH4,28,27.0,501.867316,14052.284848,13550.417532
MAR,Morocco,Africa,Africa,North Africa,developing,2012,Transport,Road,N2O,265,273.0,162.34062518,43020.2656727,44318.99067414
MAR,Morocco,Africa,Africa,North Africa,developing,2013,AFOLU,"Biomass burning (CH4, N2O)",CH4,28,27.0,375.92832946,10525.99322488,10150.06489542
MAR,Morocco,Africa,Africa,North Africa,developing,2013,AFOLU,"Biomass burning (CH4, N2O)",N2O,265,273.0,9.7462935371,2582.7677873315,2660.7381356283
MAR,Morocco,Africa,Africa,North Africa,developing,2013,AFOLU,Enteric Fermentation (CH4),CH4,28,27.0,290544.68,8135251.04,7844706.359999999
MAR,Morocco,Africa,Africa,North Africa,developing,2013,AFOLU,"Managed soils and pasture (CO2, N2O)",CO2,1,1.0,488643.5,488643.5,488643.5
MAR,Morocco,Africa,Africa,North Africa,developing,2013,AFOLU,"Managed soils and pasture (CO2, N2O)",N2O,265,273.0,13359.18951249,3540185.22080985,3647058.73690977
MAR,Morocco,Africa,Africa,North Africa,developing,2013,AFOLU,"Manure management (N2O, CH4)",CH4,28,27.0,12672.231,354822.468,342150.237
MAR,Morocco,Africa,Africa,North Africa,developing,2013,AFOLU,"Manure management (N2O, CH4)",N2O,265,273.0,215.02620008,56981.9430212,58702.15262184
MAR,Morocco,Africa,Africa,North Africa,developing,2013,AFOLU,Rice cultivation (CH4),CH4,28,27.0,636.292,17816.176,17179.884000000002
MAR,Morocco,Africa,Africa,North Africa,developing,2013,AFOLU,Synthetic fertilizer application (N2O),N2O,265,273.0,3519.942,932784.63,960944.166
MAR,Morocco,Africa,Africa,North Africa,developing,2013,Buildings,Non-CO2 (all buildings),HFC-152a,138,164.0,126.245269,17421.847122,20704.224116
MAR,Morocco,Africa,Africa,North Africa,developing,2013,Buildings,Non-CO2 (all buildings),HFC-227ea,3350,3600.0,10.469773,35073.73955,37691.1828
MAR,Morocco,Africa,Africa,North Africa,developing,2013,Buildings,Non-residential,CO2,1,1.0,358503.0,358503.0,358503.0
MAR,Morocco,Africa,Africa,North Africa,developing,2013,Buildings,Non-residential,CH4,28,27.0,8188.79,229286.12,221097.33
MAR,Morocco,Africa,Africa,North Africa,developing,2013,Buildings,Non-residential,N2O,265,273.0,110.0458,29162.137,30042.5034
MAR,Morocco,Africa,Africa,North Africa,developing,2013,Buildings,Residential,CO2,1,1.0,5780892.0,5780892.0,5780892.0
MAR,Morocco,Africa,Africa,North Africa,developing,2013,Buildings,Residential,CH4,28,27.0,7883.48,220737.44,212853.96
MAR,Morocco,Africa,Africa,North Africa,developing,2013,Buildings,Residential,N2O,265,273.0,108.2696,28691.444,29557.6008
MAR,Morocco,Africa,Africa,North Africa,developing,2013,Energy systems,Electricity & heat,CO2,1,1.0,17891334.36,17891334.36,17891334.36
MAR,Morocco,Africa,Africa,North Africa,developing,2013,Energy systems,Electricity & heat,CH4,28,27.0,220.3392735,6169.499658,5949.1603845
MAR,Morocco,Africa,Africa,North Africa,developing,2013,Energy systems,Electricity & heat,N2O,265,273.0,199.3020921,52815.0544065,54409.471143300005
MAR,Morocco,Africa,Africa,North Africa,developing,2013,Energy systems,Oil and gas fugitive emissions,CO2,1,1.0,22.09435,22.09435,22.09435
MAR,Morocco,Africa,Africa,North Africa,developing,2013,Energy systems,Oil and gas fugitive emissions,CH4,30,29.8,9856.68125,295700.4375,293729.10125
MAR,Morocco,Africa,Africa,North Africa,developing,2013,Energy systems,Oil and gas fugitive emissions,N2O,265,273.0,0.00058437,0.15485805,0.15953301
MAR,Morocco,Africa,Africa,North Africa,developing,2013,Energy systems,Other (energy systems),CO2,1,1.0,273088.4,273088.4,273088.4
MAR,Morocco,Africa,Africa,North Africa,developing,2013,Energy systems,Other (energy systems),CH4,28,27.0,1648.465,46157.02,44508.555
MAR,Morocco,Africa,Africa,North Africa,developing,2013,Energy systems,Other (energy systems),N2O,265,273.0,1091.4643,289238.0395,297969.7539
MAR,Morocco,Africa,Africa,North Africa,developing,2013,Energy systems,Petroleum refining,CO2,1,1.0,1200204.0,1200204.0,1200204.0
MAR,Morocco,Africa,Africa,North Africa,developing,2013,Energy systems,Petroleum refining,CH4,28,27.0,35.551,995.428,959.877
MAR,Morocco,Africa,Africa,North Africa,developing,2013,Energy systems,Petroleum refining,N2O,265,273.0,6.2203,1648.3795,1698.1419
MAR,Morocco,Africa,Africa,North Africa,developing,2013,Industry,Cement,CO2,1,1.0,6208160.0,6208160.0,6208160.0
MAR,Morocco,Africa,Africa,North Africa,developing,2013,Industry,Chemicals,CO2,1,1.0,445248.295424,445248.295424,445248.295424
MAR,Morocco,Africa,Africa,North Africa,developing,2013,Industry,Chemicals,CH4,28,27.0,15.953,446.684,430.731
MAR,Morocco,Africa,Africa,North Africa,developing,2013,Industry,Chemicals,N2O,265,273.0,113.85962,30172.7993,31083.67626
MAR,Morocco,Africa,Africa,North Africa,developing,2013,Industry,Metals,CO2,1,1.0,252173.46,252173.46,252173.46
MAR,Morocco,Africa,Africa,North Africa,developing,2013,Industry,Metals,CH4,28,27.0,7.32,204.96,197.64
MAR,Morocco,Africa,Africa,North Africa,developing,2013,Industry,Metals,N2O,265,273.0,1.3042,345.613,356.0466
MAR,Morocco,Africa,Africa,North Africa,developing,2013,Industry,Other (industry),CO2,1,1.0,8339318.8,8339318.8,8339318.8
MAR,Morocco,Africa,Africa,North Africa,developing,2013,Industry,Other (industry),CH4,28,27.0,397.48275,11129.517,10732.03425
MAR,Morocco,Africa,Africa,North Africa,developing,2013,Industry,Other (industry),N2O,265,273.0,76.664627,20316.126155,20929.443171
MAR,Morocco,Africa,Africa,North Africa,developing,2013,Industry,Other (industry),HFC-125,3170,3740.0,49.34157,156412.7769,184537.4718
MAR,Morocco,Africa,Africa,North Africa,developing,2013,Industry,Other (industry),HFC-134a,1300,1530.0,217.941565,283324.0345,333450.59445
MAR,Morocco,Africa,Africa,North Africa,developing,2013,Industry,Other (industry),HFC-143a,4800,5810.0,37.415928,179596.45440000002,217386.54168
MAR,Morocco,Africa,Africa,North Africa,developing,2013,Industry,Other (industry),HFC-245fa,858,962.0,33.192794,28479.417252,31931.467828
MAR,Morocco,Africa,Africa,North Africa,developing,2013,Industry,Other (industry),HFC-32,677,771.0,8.974101,6075.466377,6919.031870999999
MAR,Morocco,Africa,Africa,North Africa,developing,2013,Industry,Other (industry),HFC-365mfc,804,914.0,14.077154,11318.031816,12866.518756
MAR,Morocco,Africa,Africa,North Africa,developing,2013,Industry,Waste,CH4,28,27.0,655351.176,18349832.928,17694481.752
MAR,Morocco,Africa,Africa,North Africa,developing,2013,Industry,Waste,N2O,265,273.0,2055.887,544810.055,561257.1510000001
MAR,Morocco,Africa,Africa,North Africa,developing,2013,Transport,Domestic Aviation,CO2,1,1.0,79722.52,79722.52,79722.52
MAR,Morocco,Africa,Africa,North Africa,developing,2013,Transport,Domestic Aviation,CH4,28,27.0,0.5575,15.61,15.0525
MAR,Morocco,Africa,Africa,North Africa,developing,2013,Transport,Domestic Aviation,N2O,265,273.0,2.230004,590.95106,608.791092
MAR,Morocco,Africa,Africa,North Africa,developing,2013,Transport,Other (transport),CO2,1,1.0,2050270.0,2050270.0,2050270.0
MAR,Morocco,Africa,Africa,North Africa,developing,2013,Transport,Other (transport),CH4,28,27.0,114.826,3215.128,3100.302
MAR,Morocco,Africa,Africa,North Africa,developing,2013,Transport,Other (transport),N2O,265,273.0,791.333,209703.245,216033.909
MAR,Morocco,Africa,Africa,North Africa,developing,2013,Transport,Rail ,CO2,1,1.0,28899.0,28899.0,28899.0
MAR,Morocco,Africa,Africa,North Africa,developing,2013,Transport,Rail ,CH4,28,27.0,1.6185,45.318,43.6995
MAR,Morocco,Africa,Africa,North Africa,developing,2013,Transport,Rail ,N2O,265,273.0,11.154,2955.81,3045.042
MAR,Morocco,Africa,Africa,North Africa,developing,2013,Transport,Road,CO2,1,1.0,15097907.208,15097907.208,15097907.208
MAR,Morocco,Africa,Africa,North Africa,developing,2013,Transport,Road,CH4,28,27.0,510.484584,14293.568352,13783.083768
MAR,Morocco,Africa,Africa,North Africa,developing,2013,Transport,Road,N2O,265,273.0,161.36867115,42762.69785475,44053.64722395
MAR,Morocco,Africa,Africa,North Africa,developing,2014,AFOLU,"Biomass burning (CH4, N2O)",CH4,28,27.0,290.41565843,8131.638436040001,7841.22277761
MAR,Morocco,Africa,Africa,North Africa,developing,2014,AFOLU,"Biomass burning (CH4, N2O)",N2O,265,273.0,7.5292991291,1995.2642692115,2055.4986622443
MAR,Morocco,Africa,Africa,North Africa,developing,2014,AFOLU,Enteric Fermentation (CH4),CH4,28,27.0,297524.2,8330677.600000001,8033153.4
MAR,Morocco,Africa,Africa,North Africa,developing,2014,AFOLU,"Managed soils and pasture (CO2, N2O)",CO2,1,1.0,699355.8,699355.8,699355.8
MAR,Morocco,Africa,Africa,North Africa,developing,2014,AFOLU,"Managed soils and pasture (CO2, N2O)",N2O,265,273.0,13482.70551412,3572916.9612418,3680778.60535476
MAR,Morocco,Africa,Africa,North Africa,developing,2014,AFOLU,"Manure management (N2O, CH4)",CH4,28,27.0,12851.4368,359840.2304,346988.7936
MAR,Morocco,Africa,Africa,North Africa,developing,2014,AFOLU,"Manure management (N2O, CH4)",N2O,265,273.0,219.39110008,58138.6415212,59893.77032184
MAR,Morocco,Africa,Africa,North Africa,developing,2014,AFOLU,Rice cultivation (CH4),CH4,28,27.0,560.827,15703.156,15142.329
MAR,Morocco,Africa,Africa,North Africa,developing,2014,AFOLU,Synthetic fertilizer application (N2O),N2O,265,273.0,3457.082,916126.73,943783.386
MAR,Morocco,Africa,Africa,North Africa,developing,2014,Buildings,Non-CO2 (all buildings),HFC-152a,138,164.0,127.412542,17582.930796,20895.656888
MAR,Morocco,Africa,Africa,North Africa,developing,2014,Buildings,Non-CO2 (all buildings),HFC-227ea,3350,3600.0,10.996205,36837.28675,39586.338
MAR,Morocco,Africa,Africa,North Africa,developing,2014,Buildings,Non-residential,CO2,1,1.0,382806.0,382806.0,382806.0
MAR,Morocco,Africa,Africa,North Africa,developing,2014,Buildings,Non-residential,CH4,28,27.0,8209.375,229862.5,221653.125
MAR,Morocco,Africa,Africa,North Africa,developing,2014,Buildings,Non-residential,N2O,265,273.0,110.3703,29248.1295,30131.0919
MAR,Morocco,Africa,Africa,North Africa,developing,2014,Buildings,Residential,CO2,1,1.0,6058598.0,6058598.0,6058598.0
MAR,Morocco,Africa,Africa,North Africa,developing,2014,Buildings,Residential,CH4,28,27.0,7673.25,214851.0,207177.75
MAR,Morocco,Africa,Africa,North Africa,developing,2014,Buildings,Residential,N2O,265,273.0,105.579,27978.435,28823.067
MAR,Morocco,Africa,Africa,North Africa,developing,2014,Energy systems,Electricity & heat,CO2,1,1.0,20348442.85,20348442.85,20348442.85
MAR,Morocco,Africa,Africa,North Africa,developing,2014,Energy systems,Electricity & heat,CH4,28,27.0,209.804758,5874.533224,5664.728466
MAR,Morocco,Africa,Africa,North Africa,developing,2014,Energy systems,Electricity & heat,N2O,265,273.0,252.35966,66875.3099,68894.18718
MAR,Morocco,Africa,Africa,North Africa,developing,2014,Energy systems,Oil and gas fugitive emissions,CO2,1,1.0,14.839427,14.839427,14.839427
MAR,Morocco,Africa,Africa,North Africa,developing,2014,Energy systems,Oil and gas fugitive emissions,CH4,30,29.8,9705.20767,291156.2301,289215.188566
MAR,Morocco,Africa,Africa,North Africa,developing,2014,Energy systems,Oil and gas fugitive emissions,N2O,265,273.0,0.000365231,0.096786215,0.099708063
MAR,Morocco,Africa,Africa,North Africa,developing,2014,Energy systems,Other (energy systems),CO2,1,1.0,261009.9,261009.9,261009.9
MAR,Morocco,Africa,Africa,North Africa,developing,2014,Energy systems,Other (energy systems),CH4,28,27.0,1740.305,48728.54,46988.235
MAR,Morocco,Africa,Africa,North Africa,developing,2014,Energy systems,Other (energy systems),N2O,265,273.0,1116.8091,295954.4115,304888.8843
MAR,Morocco,Africa,Africa,North Africa,developing,2014,Energy systems,Petroleum refining,CO2,1,1.0,1245866.5,1245866.5,1245866.5
MAR,Morocco,Africa,Africa,North Africa,developing,2014,Energy systems,Petroleum refining,CH4,28,27.0,37.085,1038.38,1001.295
MAR,Morocco,Africa,Africa,North Africa,developing,2014,Energy systems,Petroleum refining,N2O,265,273.0,6.5186,1727.429,1779.5778
MAR,Morocco,Africa,Africa,North Africa,developing,2014,Industry,Cement,CO2,1,1.0,5226800.0,5226800.0,5226800.0
MAR,Morocco,Africa,Africa,North Africa,developing,2014,Industry,Chemicals,CO2,1,1.0,420443.775437,420443.775437,420443.775437
MAR,Morocco,Africa,Africa,North Africa,developing,2014,Industry,Chemicals,CH4,28,27.0,16.07,449.96,433.89
MAR,Morocco,Africa,Africa,North Africa,developing,2014,Industry,Chemicals,N2O,265,273.0,115.4442,30592.713,31516.2666
MAR,Morocco,Africa,Africa,North Africa,developing,2014,Industry,Metals,CO2,1,1.0,231740.1,231740.1,231740.1
MAR,Morocco,Africa,Africa,North Africa,developing,2014,Industry,Metals,CH4,28,27.0,6.597,184.716,178.119
MAR,Morocco,Africa,Africa,North Africa,developing,2014,Industry,Metals,N2O,265,273.0,1.1596,307.294,316.5708
MAR,Morocco,Africa,Africa,North Africa,developing,2014,Industry,Other (industry),CO2,1,1.0,7319598.6,7319598.6,7319598.6
MAR,Morocco,Africa,Africa,North Africa,developing,2014,Industry,Other (industry),CH4,28,27.0,360.17045,10084.7726,9724.60215
MAR,Morocco,Africa,Africa,North Africa,developing,2014,Industry,Other (industry),N2O,265,273.0,69.151107,18325.043355,18878.252211
MAR,Morocco,Africa,Africa,North Africa,developing,2014,Industry,Other (industry),HFC-125,3170,3740.0,51.602385,163579.56045,192992.9199
MAR,Morocco,Africa,Africa,North Africa,developing,2014,Industry,Other (industry),HFC-134a,1300,1530.0,253.272614,329254.3982,387507.09942
MAR,Morocco,Africa,Africa,North Africa,developing,2014,Industry,Other (industry),HFC-143a,4800,5810.0,38.568482,185128.7136,224082.88042000003
MAR,Morocco,Africa,Africa,North Africa,developing,2014,Industry,Other (industry),HFC-245fa,858,962.0,35.317293,30302.237394,33975.235866
MAR,Morocco,Africa,Africa,North Africa,developing,2014,Industry,Other (industry),HFC-32,677,771.0,11.967549,8102.030673,9226.980279
MAR,Morocco,Africa,Africa,North Africa,developing,2014,Industry,Other (industry),HFC-365mfc,804,914.0,14.323411,11516.022444,13091.597654
MAR,Morocco,Africa,Africa,North Africa,developing,2014,Industry,Waste,CH4,28,27.0,673630.895,18861665.06,18188034.165
MAR,Morocco,Africa,Africa,North Africa,developing,2014,Industry,Waste,N2O,265,273.0,2101.037,556774.8049999999,573583.1009999999
MAR,Morocco,Africa,Africa,North Africa,developing,2014,Transport,Domestic Aviation,CO2,1,1.0,76504.99,76504.99,76504.99
MAR,Morocco,Africa,Africa,North Africa,developing,2014,Transport,Domestic Aviation,CH4,28,27.0,0.534999,14.979972,14.444973
MAR,Morocco,Africa,Africa,North Africa,developing,2014,Transport,Domestic Aviation,N2O,265,273.0,2.14,567.1,584.22
MAR,Morocco,Africa,Africa,North Africa,developing,2014,Transport,Other (transport),CO2,1,1.0,2114440.0,2114440.0,2114440.0
MAR,Morocco,Africa,Africa,North Africa,developing,2014,Transport,Other (transport),CH4,28,27.0,118.42,3315.76,3197.34
MAR,Morocco,Africa,Africa,North Africa,developing,2014,Transport,Other (transport),N2O,265,273.0,816.101,216266.765,222795.573
MAR,Morocco,Africa,Africa,North Africa,developing,2014,Transport,Rail ,CO2,1,1.0,28899.0,28899.0,28899.0
MAR,Morocco,Africa,Africa,North Africa,developing,2014,Transport,Rail ,CH4,28,27.0,1.6185,45.318,43.6995
MAR,Morocco,Africa,Africa,North Africa,developing,2014,Transport,Rail ,N2O,265,273.0,11.154,2955.81,3045.042
MAR,Morocco,Africa,Africa,North Africa,developing,2014,Transport,Road,CO2,1,1.0,15301505.94,15301505.94,15301505.94
MAR,Morocco,Africa,Africa,North Africa,developing,2014,Transport,Road,CH4,28,27.0,512.640324,14353.929072,13841.288748
MAR,Morocco,Africa,Africa,North Africa,developing,2014,Transport,Road,N2O,265,273.0,159.68450344,42316.3934116,43593.86943912
MAR,Morocco,Africa,Africa,North Africa,developing,2015,AFOLU,"Biomass burning (CH4, N2O)",CH4,28,27.0,430.95966445,12066.8706046,11635.91094015
MAR,Morocco,Africa,Africa,North Africa,developing,2015,AFOLU,"Biomass burning (CH4, N2O)",N2O,265,273.0,11.1730330936,2960.8537698040004,3050.2380345528004
MAR,Morocco,Africa,Africa,North Africa,developing,2015,AFOLU,Enteric Fermentation (CH4),CH4,28,27.0,297671.974,8334815.272,8037143.297999999
MAR,Morocco,Africa,Africa,North Africa,developing,2015,AFOLU,"Managed soils and pasture (CO2, N2O)",CO2,1,1.0,700988.3,700988.3,700988.3
MAR,Morocco,Africa,Africa,North Africa,developing,2015,AFOLU,"Managed soils and pasture (CO2, N2O)",N2O,265,273.0,13615.05309857,3607989.07112105,3716909.49590961
MAR,Morocco,Africa,Africa,North Africa,developing,2015,AFOLU,"Manure management (N2O, CH4)",CH4,28,27.0,12898.7004,361163.6112,348264.9108
MAR,Morocco,Africa,Africa,North Africa,developing,2015,AFOLU,"Manure management (N2O, CH4)",N2O,265,273.0,223.08143216,59116.5795224,60901.23097968
MAR,Morocco,Africa,Africa,North Africa,developing,2015,AFOLU,Rice cultivation (CH4),CH4,28,27.0,1057.516,29610.448000000004,28552.932
MAR,Morocco,Africa,Africa,North Africa,developing,2015,AFOLU,Synthetic fertilizer application (N2O),N2O,265,273.0,3083.088,817018.3200000001,841683.0240000001
MAR,Morocco,Africa,Africa,North Africa,developing,2015,Buildings,Non-CO2 (all buildings),HFC-152a,138,164.0,126.847149,17504.906562,20802.932436
MAR,Morocco,Africa,Africa,North Africa,developing,2015,Buildings,Non-CO2 (all buildings),HFC-227ea,3350,3600.0,11.414814,38239.6269,41093.3304
MAR,Morocco,Africa,Africa,North Africa,developing,2015,Buildings,Non-residential,CO2,1,1.0,374066.0,374066.0,374066.0
MAR,Morocco,Africa,Africa,North Africa,developing,2015,Buildings,Non-residential,CH4,28,27.0,8219.66,230150.48,221930.82
MAR,Morocco,Africa,Africa,North Africa,developing,2015,Buildings,Non-residential,N2O,265,273.0,110.5212,29288.118,30172.2876
MAR,Morocco,Africa,Africa,North Africa,developing,2015,Buildings,Residential,CO2,1,1.0,6201838.0,6201838.0,6201838.0
MAR,Morocco,Africa,Africa,North Africa,developing,2015,Buildings,Residential,CH4,28,27.0,7661.2,214513.6,206852.4
MAR,Morocco,Africa,Africa,North Africa,developing,2015,Buildings,Residential,N2O,265,273.0,105.494,27955.91,28799.862
MAR,Morocco,Africa,Africa,North Africa,developing,2015,Energy systems,Electricity & heat,CO2,1,1.0,21627637.534,21627637.534,21627637.534
MAR,Morocco,Africa,Africa,North Africa,developing,2015,Energy systems,Electricity & heat,CH4,28,27.0,213.5287855,5978.805994,5765.2772085
MAR,Morocco,Africa,Africa,North Africa,developing,2015,Energy systems,Electricity & heat,N2O,265,273.0,274.1026599,72637.2048735,74830.0261527
MAR,Morocco,Africa,Africa,North Africa,developing,2015,Energy systems,Oil and gas fugitive emissions,CO2,1,1.0,13.369099,13.369099,13.369099
MAR,Morocco,Africa,Africa,North Africa,developing,2015,Energy systems,Oil and gas fugitive emissions,CH4,30,29.8,8505.62968,255168.8904,253467.764464
MAR,Morocco,Africa,Africa,North Africa,developing,2015,Energy systems,Oil and gas fugitive emissions,N2O,265,273.0,0.000365231,0.096786215,0.099708063
MAR,Morocco,Africa,Africa,North Africa,developing,2015,Energy systems,Other (energy systems),CO2,1,1.0,288063.6,288063.6,288063.6
MAR,Morocco,Africa,Africa,North Africa,developing,2015,Energy systems,Other (energy systems),CH4,28,27.0,1838.95,51490.6,49651.65
MAR,Morocco,Africa,Africa,North Africa,developing,2015,Energy systems,Other (energy systems),N2O,265,273.0,1153.5198,305682.74700000003,314910.9054
MAR,Morocco,Africa,Africa,North Africa,developing,2015,Energy systems,Petroleum refining,CO2,1,1.0,649806.1,649806.1,649806.1
MAR,Morocco,Africa,Africa,North Africa,developing,2015,Energy systems,Petroleum refining,CH4,28,27.0,19.372,542.4159999999999,523.044
MAR,Morocco,Africa,Africa,North Africa,developing,2015,Energy systems,Petroleum refining,N2O,265,273.0,3.4084,903.226,930.4932
MAR,Morocco,Africa,Africa,North Africa,developing,2015,Industry,Cement,CO2,1,1.0,5306820.0,5306820.0,5306820.0
MAR,Morocco,Africa,Africa,North Africa,developing,2015,Industry,Chemicals,CO2,1,1.0,414219.065451,414219.065451,414219.065451
MAR,Morocco,Africa,Africa,North Africa,developing,2015,Industry,Chemicals,CH4,28,27.0,15.934,446.152,430.218
MAR,Morocco,Africa,Africa,North Africa,developing,2015,Industry,Chemicals,N2O,265,273.0,117.0071,31006.8815,31942.9383
MAR,Morocco,Africa,Africa,North Africa,developing,2015,Industry,Metals,CO2,1,1.0,228608.16,228608.16,228608.16
MAR,Morocco,Africa,Africa,North Africa,developing,2015,Industry,Metals,CH4,28,27.0,6.404,179.312,172.908
MAR,Morocco,Africa,Africa,North Africa,developing,2015,Industry,Metals,N2O,265,273.0,1.1163,295.8195,304.7499
MAR,Morocco,Africa,Africa,North Africa,developing,2015,Industry,Other (industry),CO2,1,1.0,7268249.9,7268249.9,7268249.9
MAR,Morocco,Africa,Africa,North Africa,developing,2015,Industry,Other (industry),CH4,28,27.0,360.6279,10097.5812,9736.9533
MAR,Morocco,Africa,Africa,North Africa,developing,2015,Industry,Other (industry),N2O,265,273.0,69.039347,18295.426955000003,18847.741731
MAR,Morocco,Africa,Africa,North Africa,developing,2015,Industry,Other (industry),HFC-125,3170,3740.0,53.863199,170746.34083,201448.36426
MAR,Morocco,Africa,Africa,North Africa,developing,2015,Industry,Other (industry),HFC-134a,1300,1530.0,302.092524,392720.2812,462201.56172000006
MAR,Morocco,Africa,Africa,North Africa,developing,2015,Industry,Other (industry),HFC-143a,4800,5810.0,39.721035,190660.968,230779.21335
MAR,Morocco,Africa,Africa,North Africa,developing,2015,Industry,Other (industry),HFC-245fa,858,962.0,38.546055,33072.515190000006,37081.30491
MAR,Morocco,Africa,Africa,North Africa,developing,2015,Industry,Other (industry),HFC-32,677,771.0,15.167197,10268.192369,11693.908887
MAR,Morocco,Africa,Africa,North Africa,developing,2015,Industry,Other (industry),HFC-365mfc,804,914.0,14.037067,11285.801868,12829.879238
MAR,Morocco,Africa,Africa,North Africa,developing,2015,Industry,Waste,CH4,28,27.0,694191.292,19437356.176,18743164.884
MAR,Morocco,Africa,Africa,North Africa,developing,2015,Industry,Waste,N2O,265,273.0,2152.712,570468.68,587690.376
MAR,Morocco,Africa,Africa,North Africa,developing,2015,Transport,Domestic Aviation,CO2,1,1.0,79722.52,79722.52,79722.52
MAR,Morocco,Africa,Africa,North Africa,developing,2015,Transport,Domestic Aviation,CH4,28,27.0,0.5575,15.61,15.0525
MAR,Morocco,Africa,Africa,North Africa,developing,2015,Transport,Domestic Aviation,N2O,265,273.0,2.230004,590.95106,608.791092
MAR,Morocco,Africa,Africa,North Africa,developing,2015,Transport,Other (transport),CO2,1,1.0,2229970.0,2229970.0,2229970.0
MAR,Morocco,Africa,Africa,North Africa,developing,2015,Transport,Other (transport),CH4,28,27.0,124.89,3496.92,3372.03
MAR,Morocco,Africa,Africa,North Africa,developing,2015,Transport,Other (transport),N2O,265,273.0,860.688,228082.32,234967.824
MAR,Morocco,Africa,Africa,North Africa,developing,2015,Transport,Rail ,CO2,1,1.0,28899.0,28899.0,28899.0
MAR,Morocco,Africa,Africa,North Africa,developing,2015,Transport,Rail ,CH4,28,27.0,1.6185,45.318,43.6995
MAR,Morocco,Africa,Africa,North Africa,developing,2015,Transport,Rail ,N2O,265,273.0,11.154,2955.81,3045.042
MAR,Morocco,Africa,Africa,North Africa,developing,2015,Transport,Road,CO2,1,1.0,16256921.873,16256921.873,16256921.873
MAR,Morocco,Africa,Africa,North Africa,developing,2015,Transport,Road,CH4,28,27.0,552.124753,15459.493084000002,14907.368331
MAR,Morocco,Africa,Africa,North Africa,developing,2015,Transport,Road,N2O,265,273.0,175.75820301,46575.92379764999,47981.98942173
MAR,Morocco,Africa,Africa,North Africa,developing,2016,AFOLU,"Biomass burning (CH4, N2O)",CH4,28,27.0,177.34713912,4965.71989536,4788.37275624
MAR,Morocco,Africa,Africa,North Africa,developing,2016,AFOLU,"Biomass burning (CH4, N2O)",N2O,265,273.0,4.5978985194,1218.443107641,1255.2262957962
MAR,Morocco,Africa,Africa,North Africa,developing,2016,AFOLU,Enteric Fermentation (CH4),CH4,28,27.0,301556.358,8443578.024,8142021.666
MAR,Morocco,Africa,Africa,North Africa,developing,2016,AFOLU,"Managed soils and pasture (CO2, N2O)",CO2,1,1.0,803983.3,803983.3,803983.3
MAR,Morocco,Africa,Africa,North Africa,developing,2016,AFOLU,"Managed soils and pasture (CO2, N2O)",N2O,265,273.0,13216.47047311,3502364.67537415,3608096.4391590296
MAR,Morocco,Africa,Africa,North Africa,developing,2016,AFOLU,"Manure management (N2O, CH4)",CH4,28,27.0,13119.0179,367332.5012,354213.4833
MAR,Morocco,Africa,Africa,North Africa,developing,2016,AFOLU,"Manure management (N2O, CH4)",N2O,265,273.0,227.56809344,60305.5447616,62126.08950912
MAR,Morocco,Africa,Africa,North Africa,developing,2016,AFOLU,Rice cultivation (CH4),CH4,28,27.0,957.873,26820.444000000003,25862.571
MAR,Morocco,Africa,Africa,North Africa,developing,2016,AFOLU,Synthetic fertilizer application (N2O),N2O,265,273.0,2960.5216,784538.224,808222.3968
MAR,Morocco,Africa,Africa,North Africa,developing,2016,Buildings,Non-CO2 (all buildings),HFC-152a,138,164.0,126.588232,17469.176016,20760.470048
MAR,Morocco,Africa,Africa,North Africa,developing,2016,Buildings,Non-CO2 (all buildings),HFC-227ea,3350,3600.0,11.936693,39987.92155,42972.0948
MAR,Morocco,Africa,Africa,North Africa,developing,2016,Buildings,Non-residential,CO2,1,1.0,392439.0,392439.0,392439.0
MAR,Morocco,Africa,Africa,North Africa,developing,2016,Buildings,Non-residential,CH4,28,27.0,8248.775,230965.7,222716.925
MAR,Morocco,Africa,Africa,North Africa,developing,2016,Buildings,Non-residential,N2O,265,273.0,110.9563,29403.4195,30291.0699
MAR,Morocco,Africa,Africa,North Africa,developing,2016,Buildings,Residential,CO2,1,1.0,6497338.0,6497338.0,6497338.0
MAR,Morocco,Africa,Africa,North Africa,developing,2016,Buildings,Residential,CH4,28,27.0,7430.215,208046.02,200615.805
MAR,Morocco,Africa,Africa,North Africa,developing,2016,Buildings,Residential,N2O,265,273.0,102.5703,27181.1295,28001.6919
MAR,Morocco,Africa,Africa,North Africa,developing,2016,Energy systems,Electricity & heat,CO2,1,1.0,21607700.038,21607700.038,21607700.038
MAR,Morocco,Africa,Africa,North Africa,developing,2016,Energy systems,Electricity & heat,CH4,28,27.0,223.066988,6245.875664,6022.808676000001
MAR,Morocco,Africa,Africa,North Africa,developing,2016,Energy systems,Electricity & heat,N2O,265,273.0,267.964783,71010.667495,73154.385759
MAR,Morocco,Africa,Africa,North Africa,developing,2016,Energy systems,Oil and gas fugitive emissions,CO2,1,1.0,11.70195,11.70195,11.70195
MAR,Morocco,Africa,Africa,North Africa,developing,2016,Energy systems,Oil and gas fugitive emissions,CH4,30,29.8,7577.75269,227332.5807,225817.030162
MAR,Morocco,Africa,Africa,North Africa,developing,2016,Energy systems,Oil and gas fugitive emissions,N2O,265,273.0,0.000365231,0.096786215,0.099708063
MAR,Morocco,Africa,Africa,North Africa,developing,2016,Energy systems,Other (energy systems),CO2,1,1.0,300142.1,300142.1,300142.1
MAR,Morocco,Africa,Africa,North Africa,developing,2016,Energy systems,Other (energy systems),CH4,28,27.0,1840.11,51523.08,49682.97
MAR,Morocco,Africa,Africa,North Africa,developing,2016,Energy systems,Other (energy systems),N2O,265,273.0,1159.723,307326.595,316604.379
MAR,Morocco,Africa,Africa,North Africa,developing,2016,Industry,Cement,CO2,1,1.0,5146960.0,5146960.0,5146960.0
MAR,Morocco,Africa,Africa,North Africa,developing,2016,Industry,Chemicals,CO2,1,1.0,398226.041964,398226.041964,398226.041964
MAR,Morocco,Africa,Africa,North Africa,developing,2016,Industry,Chemicals,CH4,28,27.0,15.091,422.548,407.457
MAR,Morocco,Africa,Africa,North Africa,developing,2016,Industry,Chemicals,N2O,265,273.0,118.3979,31375.4435,32322.6267
MAR,Morocco,Africa,Africa,North Africa,developing,2016,Industry,Metals,CO2,1,1.0,205443.24,205443.24,205443.24
MAR,Morocco,Africa,Africa,North Africa,developing,2016,Industry,Metals,CH4,28,27.0,5.558,155.624,150.066
MAR,Morocco,Africa,Africa,North Africa,developing,2016,Industry,Metals,N2O,265,273.0,0.9471,250.9815,258.55830000000003
MAR,Morocco,Africa,Africa,North Africa,developing,2016,Industry,Other (industry),CO2,1,1.0,6795744.4,6795744.4,6795744.4
MAR,Morocco,Africa,Africa,North Africa,developing,2016,Industry,Other (industry),CH4,28,27.0,343.02095,9604.5866,9261.56565
MAR,Morocco,Africa,Africa,North Africa,developing,2016,Industry,Other (industry),N2O,265,273.0,65.515777,17361.680905,17885.807121
MAR,Morocco,Africa,Africa,North Africa,developing,2016,Industry,Other (industry),HFC-125,3170,3740.0,59.713941,189293.19297,223330.13934
MAR,Morocco,Africa,Africa,North Africa,developing,2016,Industry,Other (industry),HFC-134a,1300,1530.0,354.589012,460965.71560000005,542521.18836
MAR,Morocco,Africa,Africa,North Africa,developing,2016,Industry,Other (industry),HFC-143a,4800,5810.0,46.35767,222516.816,269338.0627
MAR,Morocco,Africa,Africa,North Africa,developing,2016,Industry,Other (industry),HFC-245fa,858,962.0,39.822022,34167.294876,38308.78516399999
MAR,Morocco,Africa,Africa,North Africa,developing,2016,Industry,Other (industry),HFC-32,677,771.0,15.167197,10268.192369,11693.908887
MAR,Morocco,Africa,Africa,North Africa,developing,2016,Industry,Other (industry),HFC-365mfc,804,914.0,14.459792,11625.672768,13216.249888
MAR,Morocco,Africa,Africa,North Africa,developing,2016,Industry,Waste,CH4,28,27.0,708524.433,19838684.124,19130159.691
MAR,Morocco,Africa,Africa,North Africa,developing,2016,Industry,Waste,N2O,265,273.0,2188.674,579998.61,597508.002
MAR,Morocco,Africa,Africa,North Africa,developing,2016,Transport,Domestic Aviation,CO2,1,1.0,79722.52,79722.52,79722.52
MAR,Morocco,Africa,Africa,North Africa,developing,2016,Transport,Domestic Aviation,CH4,28,27.0,0.5575,15.61,15.0525
MAR,Morocco,Africa,Africa,North Africa,developing,2016,Transport,Domestic Aviation,N2O,265,273.0,2.230004,590.95106,608.791092
MAR,Morocco,Africa,Africa,North Africa,developing,2016,Transport,Other (transport),CO2,1,1.0,2310140.0,2310140.0,2310140.0
MAR,Morocco,Africa,Africa,North Africa,developing,2016,Transport,Other (transport),CH4,28,27.0,129.38,3622.64,3493.26
MAR,Morocco,Africa,Africa,North Africa,developing,2016,Transport,Other (transport),N2O,265,273.0,891.634,236283.01,243416.082
MAR,Morocco,Africa,Africa,North Africa,developing,2016,Transport,Rail ,CO2,1,1.0,28899.0,28899.0,28899.0
MAR,Morocco,Africa,Africa,North Africa,developing,2016,Transport,Rail ,CH4,28,27.0,1.6185,45.318,43.6995
MAR,Morocco,Africa,Africa,North Africa,developing,2016,Transport,Rail ,N2O,265,273.0,11.154,2955.81,3045.042
MAR,Morocco,Africa,Africa,North Africa,developing,2016,Transport,Road,CO2,1,1.0,16965568.055,16965568.055,16965568.055
MAR,Morocco,Africa,Africa,North Africa,developing,2016,Transport,Road,CH4,28,27.0,584.643911,16370.029508,15785.385597
MAR,Morocco,Africa,Africa,North Africa,developing,2016,Transport,Road,N2O,265,273.0,190.32048629,50434.92886685,51957.49275717
MAR,Morocco,Africa,Africa,North Africa,developing,2017,AFOLU,"Biomass burning (CH4, N2O)",CH4,28,27.0,379.07052017,10613.97456476,10234.90404459
MAR,Morocco,Africa,Africa,North Africa,developing,2017,AFOLU,"Biomass burning (CH4, N2O)",N2O,265,273.0,9.8277628886,2604.3571654790003,2682.9792685878
MAR,Morocco,Africa,Africa,North Africa,developing,2017,AFOLU,Enteric Fermentation (CH4),CH4,28,27.0,302777.906,8477781.368,8175003.462
MAR,Morocco,Africa,Africa,North Africa,developing,2017,AFOLU,"Managed soils and pasture (CO2, N2O)",CO2,1,1.0,938519.0,938519.0,938519.0
MAR,Morocco,Africa,Africa,North Africa,developing,2017,AFOLU,"Managed soils and pasture (CO2, N2O)",N2O,265,273.0,13808.34503088,3659211.4331832,3769678.19343024
MAR,Morocco,Africa,Africa,North Africa,developing,2017,AFOLU,"Manure management (N2O, CH4)",CH4,28,27.0,13177.013,368956.364,355779.351
MAR,Morocco,Africa,Africa,North Africa,developing,2017,AFOLU,"Manure management (N2O, CH4)",N2O,265,273.0,230.7000896,61135.523744000006,62981.124460800005
MAR,Morocco,Africa,Africa,North Africa,developing,2017,AFOLU,Rice cultivation (CH4),CH4,28,27.0,1019.721,28552.188,27532.467
MAR,Morocco,Africa,Africa,North Africa,developing,2017,AFOLU,Synthetic fertilizer application (N2O),N2O,265,273.0,3947.3568,1046049.552,1077628.4064
MAR,Morocco,Africa,Africa,North Africa,developing,2017,Buildings,Non-CO2 (all buildings),HFC-152a,138,164.0,135.246711,18664.046118,22180.460604
MAR,Morocco,Africa,Africa,North Africa,developing,2017,Buildings,Non-CO2 (all buildings),HFC-227ea,3350,3600.0,12.331455,41310.37425,44393.238
MAR,Morocco,Africa,Africa,North Africa,developing,2017,Buildings,Non-residential,CO2,1,1.0,417769.0,417769.0,417769.0
MAR,Morocco,Africa,Africa,North Africa,developing,2017,Buildings,Non-residential,CH4,28,27.0,8301.595,232444.66,224143.065
MAR,Morocco,Africa,Africa,North Africa,developing,2017,Buildings,Non-residential,N2O,265,273.0,111.7017,29600.9505,30494.5641
MAR,Morocco,Africa,Africa,North Africa,developing,2017,Buildings,Residential,CO2,1,1.0,6668145.7,6668145.7,6668145.7
MAR,Morocco,Africa,Africa,North Africa,developing,2017,Buildings,Residential,CH4,28,27.0,7180.52,201054.56,193874.04
MAR,Morocco,Africa,Africa,North Africa,developing,2017,Buildings,Residential,N2O,265,273.0,99.318,26319.27,27113.814
MAR,Morocco,Africa,Africa,North Africa,developing,2017,Energy systems,Electricity & heat,CO2,1,1.0,22522619.83,22522619.83,22522619.83
MAR,Morocco,Africa,Africa,North Africa,developing,2017,Energy systems,Electricity & heat,CH4,28,27.0,233.9297685,6550.033518,6316.1037495
MAR,Morocco,Africa,Africa,North Africa,developing,2017,Energy systems,Electricity & heat,N2O,265,273.0,279.3304455,74022.5680575,76257.2116215
MAR,Morocco,Africa,Africa,North Africa,developing,2017,Energy systems,Oil and gas fugitive emissions,CO2,1,1.0,10.86181,10.86181,10.86181
MAR,Morocco,Africa,Africa,North Africa,developing,2017,Energy systems,Oil and gas fugitive emissions,CH4,30,29.8,7583.55019,227506.5057,225989.795662
MAR,Morocco,Africa,Africa,North Africa,developing,2017,Energy systems,Oil and gas fugitive emissions,N2O,265,273.0,0.000339009,0.0898373849999999,0.0925494569999999
MAR,Morocco,Africa,Africa,North Africa,developing,2017,Energy systems,Other (energy systems),CO2,1,1.0,321180.6,321180.6,321180.6
MAR,Morocco,Africa,Africa,North Africa,developing,2017,Energy systems,Other (energy systems),CH4,28,27.0,1922.58,53832.24,51909.66
MAR,Morocco,Africa,Africa,North Africa,developing,2017,Energy systems,Other (energy systems),N2O,265,273.0,1213.2756,321518.034,331224.2388
MAR,Morocco,Africa,Africa,North Africa,developing,2017,Industry,Cement,CO2,1,1.0,5491200.0,5491200.0,5491200.0
MAR,Morocco,Africa,Africa,North Africa,developing,2017,Industry,Chemicals,CO2,1,1.0,445149.809556,445149.809556,445149.809556
MAR,Morocco,Africa,Africa,North Africa,developing,2017,Industry,Chemicals,CH4,28,27.0,16.963,474.96400000000006,458.001
MAR,Morocco,Africa,Africa,North Africa,developing,2017,Industry,Chemicals,N2O,265,273.0,120.2819,31874.7035,32836.9587
MAR,Morocco,Africa,Africa,North Africa,developing,2017,Industry,Metals,CO2,1,1.0,258314.68,258314.68,258314.68
MAR,Morocco,Africa,Africa,North Africa,developing,2017,Industry,Metals,CH4,28,27.0,7.29,204.12,196.83
MAR,Morocco,Africa,Africa,North Africa,developing,2017,Industry,Metals,N2O,265,273.0,1.2781,338.6965,348.92130000000003
MAR,Morocco,Africa,Africa,North Africa,developing,2017,Industry,Other (industry),CO2,1,1.0,7702181.5,7702181.5,7702181.5
MAR,Morocco,Africa,Africa,North Africa,developing,2017,Industry,Other (industry),CH4,28,27.0,379.86975,10636.353,10256.48325
MAR,Morocco,Africa,Africa,North Africa,developing,2017,Industry,Other (industry),N2O,265,273.0,72.623907,19245.335355,19826.326611
MAR,Morocco,Africa,Africa,North Africa,developing,2017,Industry,Other (industry),HFC-125,3170,3740.0,65.263952,206886.72784,244087.18048
MAR,Morocco,Africa,Africa,North Africa,developing,2017,Industry,Other (industry),HFC-134a,1300,1530.0,399.574706,519447.1178,611349.30018
MAR,Morocco,Africa,Africa,North Africa,developing,2017,Industry,Other (industry),HFC-143a,4800,5810.0,54.153823,259938.3504,314633.71163000003
MAR,Morocco,Africa,Africa,North Africa,developing,2017,Industry,Other (industry),HFC-245fa,858,962.0,43.88341,37651.96578,42215.84042
MAR,Morocco,Africa,Africa,North Africa,developing,2017,Industry,Other (industry),HFC-32,677,771.0,15.167197,10268.192369,11693.908887
MAR,Morocco,Africa,Africa,North Africa,developing,2017,Industry,Other (industry),HFC-365mfc,804,914.0,15.248219,12259.568076,13936.872166
MAR,Morocco,Africa,Africa,North Africa,developing,2017,Industry,Waste,CH4,28,27.0,726288.173,20336068.844,19609780.671
MAR,Morocco,Africa,Africa,North Africa,developing,2017,Industry,Waste,N2O,265,273.0,2217.387,587607.555,605346.6510000001
MAR,Morocco,Africa,Africa,North Africa,developing,2017,Transport,Domestic Aviation,CO2,1,1.0,79722.52,79722.52,79722.52
MAR,Morocco,Africa,Africa,North Africa,developing,2017,Transport,Domestic Aviation,CH4,28,27.0,0.5575,15.61,15.0525
MAR,Morocco,Africa,Africa,North Africa,developing,2017,Transport,Domestic Aviation,N2O,265,273.0,2.230004,590.95106,608.791092
MAR,Morocco,Africa,Africa,North Africa,developing,2017,Transport,Other (transport),CO2,1,1.0,2428850.0,2428850.0,2428850.0
MAR,Morocco,Africa,Africa,North Africa,developing,2017,Transport,Other (transport),CH4,28,27.0,136.029,3808.812,3672.783
MAR,Morocco,Africa,Africa,North Africa,developing,2017,Transport,Other (transport),N2O,265,273.0,937.451,248424.515,255924.123
MAR,Morocco,Africa,Africa,North Africa,developing,2017,Transport,Rail ,CO2,1,1.0,28899.0,28899.0,28899.0
MAR,Morocco,Africa,Africa,North Africa,developing,2017,Transport,Rail ,CH4,28,27.0,1.6185,45.318,43.6995
MAR,Morocco,Africa,Africa,North Africa,developing,2017,Transport,Rail ,N2O,265,273.0,11.154,2955.81,3045.042
MAR,Morocco,Africa,Africa,North Africa,developing,2017,Transport,Road,CO2,1,1.0,17557536.722,17557536.722,17557536.722
MAR,Morocco,Africa,Africa,North Africa,developing,2017,Transport,Road,CH4,28,27.0,602.599591,16872.788548,16270.188957
MAR,Morocco,Africa,Africa,North Africa,developing,2017,Transport,Road,N2O,265,273.0,194.96571302,51665.9139503,53225.63965446
MAR,Morocco,Africa,Africa,North Africa,developing,2018,AFOLU,"Biomass burning (CH4, N2O)",CH4,28,27.0,384.47384534,10765.26766952,10380.79382418
MAR,Morocco,Africa,Africa,North Africa,developing,2018,AFOLU,"Biomass burning (CH4, N2O)",N2O,265,273.0,9.967826232,2641.47395148,2721.2165613360003
MAR,Morocco,Africa,Africa,North Africa,developing,2018,AFOLU,Enteric Fermentation (CH4),CH4,28,27.0,309184.861,8657176.108,8347991.246999999
MAR,Morocco,Africa,Africa,North Africa,developing,2018,AFOLU,"Managed soils and pasture (CO2, N2O)",CO2,1,1.0,995365.3,995365.3,995365.3
MAR,Morocco,Africa,Africa,North Africa,developing,2018,AFOLU,"Managed soils and pasture (CO2, N2O)",N2O,265,273.0,14019.33512705,3715123.80866825,3827278.48968465
MAR,Morocco,Africa,Africa,North Africa,developing,2018,AFOLU,"Manure management (N2O, CH4)",CH4,28,27.0,13420.3553,375769.9484,362349.5931
MAR,Morocco,Africa,Africa,North Africa,developing,2018,AFOLU,"Manure management (N2O, CH4)",N2O,265,273.0,235.17791,62322.14615,64203.56943
MAR,Morocco,Africa,Africa,North Africa,developing,2018,AFOLU,Rice cultivation (CH4),CH4,28,27.0,1029.647,28830.116,27800.469
MAR,Morocco,Africa,Africa,North Africa,developing,2018,AFOLU,Synthetic fertilizer application (N2O),N2O,265,273.0,3315.654,878648.31,905173.542
MAR,Morocco,Africa,Africa,North Africa,developing,2018,Buildings,Non-CO2 (all buildings),HFC-152a,138,164.0,141.417408,19515.602304,23192.454912
MAR,Morocco,Africa,Africa,North Africa,developing,2018,Buildings,Non-CO2 (all buildings),HFC-227ea,3350,3600.0,12.929317,43313.21195,46545.5412
MAR,Morocco,Africa,Africa,North Africa,developing,2018,Buildings,Non-residential,CO2,1,1.0,407287.31,407287.31,407287.31
MAR,Morocco,Africa,Africa,North Africa,developing,2018,Buildings,Non-residential,CH4,28,27.0,8300.543763,232415.225364,224114.681601
MAR,Morocco,Africa,Africa,North Africa,developing,2018,Buildings,Non-residential,N2O,265,273.0,111.6592818,29589.709677,30482.9839314
MAR,Morocco,Africa,Africa,North Africa,developing,2018,Buildings,Residential,CO2,1,1.0,6500818.43,6500818.43,6500818.43
MAR,Morocco,Africa,Africa,North Africa,developing,2018,Buildings,Residential,CH4,28,27.0,7167.24763,200682.93364,193515.68601
MAR,Morocco,Africa,Africa,North Africa,developing,2018,Buildings,Residential,N2O,265,273.0,99.0512578,26248.583317,27040.9933794
MAR,Morocco,Africa,Africa,North Africa,developing,2018,Energy systems,Electricity & heat,CO2,1,1.0,24153914.18,24153914.18,24153914.18
MAR,Morocco,Africa,Africa,North Africa,developing,2018,Energy systems,Electricity & heat,CH4,28,27.0,242.5963644,6792.6982032,6550.1018388
MAR,Morocco,Africa,Africa,North Africa,developing,2018,Energy systems,Electricity & heat,N2O,265,273.0,306.96712867,81346.28909755,83802.02612691
MAR,Morocco,Africa,Africa,North Africa,developing,2018,Energy systems,Oil and gas fugitive emissions,CO2,1,1.0,9.75781,9.75781,9.75781
MAR,Morocco,Africa,Africa,North Africa,developing,2018,Energy systems,Oil and gas fugitive emissions,CH4,30,29.8,7564.10723,226923.2169,225410.395454
MAR,Morocco,Africa,Africa,North Africa,developing,2018,Energy systems,Oil and gas fugitive emissions,N2O,265,273.0,0.000304547,0.080704955,0.083141331
MAR,Morocco,Africa,Africa,North Africa,developing,2018,Energy systems,Other (energy systems),CO2,1,1.0,313122.1,313122.1,313122.1
MAR,Morocco,Africa,Africa,North Africa,developing,2018,Energy systems,Other (energy systems),CH4,28,27.0,1976.00538,55328.15064,53352.145260000005
MAR,Morocco,Africa,Africa,North Africa,developing,2018,Energy systems,Other (energy systems),N2O,265,273.0,1226.385913,324992.26694500004,334803.354249
MAR,Morocco,Africa,Africa,North Africa,developing,2018,Industry,Cement,CO2,1,1.0,5600400.0,5600400.0,5600400.0
MAR,Morocco,Africa,Africa,North Africa,developing,2018,Industry,Chemicals,CO2,1,1.0,446169.401223,446169.401223,446169.401223
MAR,Morocco,Africa,Africa,North Africa,developing,2018,Industry,Chemicals,CH4,28,27.0,17.01235,476.34580000000005,459.33345
MAR,Morocco,Africa,Africa,North Africa,developing,2018,Industry,Chemicals,N2O,265,273.0,121.770509,32269.184885,33243.348957
MAR,Morocco,Africa,Africa,North Africa,developing,2018,Industry,Metals,CO2,1,1.0,251352.94,251352.94,251352.94
MAR,Morocco,Africa,Africa,North Africa,developing,2018,Industry,Metals,CH4,28,27.0,7.214615,202.00922,194.794605
MAR,Morocco,Africa,Africa,North Africa,developing,2018,Industry,Metals,N2O,265,273.0,1.2621592,334.472188,344.56946159999995
MAR,Morocco,Africa,Africa,North Africa,developing,2018,Industry,Other (industry),CO2,1,1.0,7514440.1631,7514440.1631,7514440.1631
MAR,Morocco,Africa,Africa,North Africa,developing,2018,Industry,Other (industry),CH4,28,27.0,372.21150154,10421.92204312,10049.71054158
MAR,Morocco,Africa,Africa,North Africa,developing,2018,Industry,Other (industry),N2O,265,273.0,71.265341433,18885.315479745,19455.438211209
MAR,Morocco,Africa,Africa,North Africa,developing,2018,Industry,Other (industry),HFC-125,3170,3740.0,71.693324,227267.83708000003,268133.03176000004
MAR,Morocco,Africa,Africa,North Africa,developing,2018,Industry,Other (industry),HFC-134a,1300,1530.0,456.936524,594017.4812,699112.8817200001
MAR,Morocco,Africa,Africa,North Africa,developing,2018,Industry,Other (industry),HFC-143a,4800,5810.0,63.743963,305971.0224,370352.42503
MAR,Morocco,Africa,Africa,North Africa,developing,2018,Industry,Other (industry),HFC-245fa,858,962.0,46.411438,39821.013804,44647.803356
MAR,Morocco,Africa,Africa,North Africa,developing,2018,Industry,Other (industry),HFC-32,677,771.0,15.167197,10268.192369,11693.908887
MAR,Morocco,Africa,Africa,North Africa,developing,2018,Industry,Other (industry),HFC-365mfc,804,914.0,16.513163,13276.583051999998,15093.030981999998
MAR,Morocco,Africa,Africa,North Africa,developing,2018,Industry,Waste,CH4,28,27.0,743050.828,20805423.184,20062372.356
MAR,Morocco,Africa,Africa,North Africa,developing,2018,Industry,Waste,N2O,265,273.0,2229.748,590883.22,608721.204
MAR,Morocco,Africa,Africa,North Africa,developing,2018,Transport,Domestic Aviation,CO2,1,1.0,77722.05,77722.05,77722.05
MAR,Morocco,Africa,Africa,North Africa,developing,2018,Transport,Domestic Aviation,CH4,28,27.0,0.543511,15.218308,14.674797
MAR,Morocco,Africa,Africa,North Africa,developing,2018,Transport,Domestic Aviation,N2O,265,273.0,2.174044,576.12166,593.514012
MAR,Morocco,Africa,Africa,North Africa,developing,2018,Transport,Other (transport),CO2,1,1.0,2367900.0,2367900.0,2367900.0
MAR,Morocco,Africa,Africa,North Africa,developing,2018,Transport,Other (transport),CH4,28,27.0,132.615,3713.22,3580.6050000000005
MAR,Morocco,Africa,Africa,North Africa,developing,2018,Transport,Other (transport),N2O,265,273.0,913.927,242190.655,249502.071
MAR,Morocco,Africa,Africa,North Africa,developing,2018,Transport,Rail ,CO2,1,1.0,28173.9,28173.9,28173.9
MAR,Morocco,Africa,Africa,North Africa,developing,2018,Transport,Rail ,CH4,28,27.0,1.57789,44.18092,42.60303
MAR,Morocco,Africa,Africa,North Africa,developing,2018,Transport,Rail ,N2O,265,273.0,10.8741,2881.6365,2968.6293
MAR,Morocco,Africa,Africa,North Africa,developing,2018,Transport,Road,CO2,1,1.0,17116954.986,17116954.986,17116954.986
MAR,Morocco,Africa,Africa,North Africa,developing,2018,Transport,Road,CH4,28,27.0,587.47813,16449.38764,15861.90951
MAR,Morocco,Africa,Africa,North Africa,developing,2018,Transport,Road,N2O,265,273.0,190.07305085,50369.35847525,51889.94288205
MAR,Morocco,Africa,Africa,North Africa,developing,2019,AFOLU,"Biomass burning (CH4, N2O)",CH4,28,27.0,375.619284697955,10517.33997154274,10141.720686844785
MAR,Morocco,Africa,Africa,North Africa,developing,2019,AFOLU,"Biomass burning (CH4, N2O)",N2O,265,273.0,9.73826387578156,2580.639927082113,2658.546038088365
MAR,Morocco,Africa,Africa,North Africa,developing,2019,AFOLU,Enteric Fermentation (CH4),CH4,28,27.0,312288.212923608,8744069.961861026,8431781.748937417
MAR,Morocco,Africa,Africa,North Africa,developing,2019,AFOLU,"Managed soils and pasture (CO2, N2O)",CO2,1,1.0,1094794.3,1094794.3,1094794.3
MAR,Morocco,Africa,Africa,North Africa,developing,2019,AFOLU,"Managed soils and pasture (CO2, N2O)",N2O,265,273.0,14043.5459873197,3721539.6866397206,3833888.054538278
MAR,Morocco,Africa,Africa,North Africa,developing,2019,AFOLU,"Manure management (N2O, CH4)",CH4,28,27.0,13598.3735223371,380754.4586254388,367156.08510310174
MAR,Morocco,Africa,Africa,North Africa,developing,2019,AFOLU,"Manure management (N2O, CH4)",N2O,265,273.0,239.567990732642,63485.51754415013,65402.061470011264
MAR,Morocco,Africa,Africa,North Africa,developing,2019,AFOLU,Rice cultivation (CH4),CH4,28,27.0,1022.80942729772,28638.663964336163,27615.85453703844
MAR,Morocco,Africa,Africa,North Africa,developing,2019,AFOLU,Synthetic fertilizer application (N2O),N2O,265,273.0,3315.654,878648.31,905173.542
MAR,Morocco,Africa,Africa,North Africa,developing,2019,Buildings,Non-CO2 (all buildings),HFC-152a,138,164.0,141.417408,19515.602304,23192.454912
MAR,Morocco,Africa,Africa,North Africa,developing,2019,Buildings,Non-CO2 (all buildings),HFC-227ea,3350,3600.0,12.929317,43313.21195,46545.5412
MAR,Morocco,Africa,Africa,North Africa,developing,2019,Buildings,Non-residential,CO2,1,1.0,413374.43,413374.43,413374.43
MAR,Morocco,Africa,Africa,North Africa,developing,2019,Buildings,Non-residential,CH4,28,27.0,8311.4591579464,232720.8564224992,224409.3972645528
MAR,Morocco,Africa,Africa,North Africa,developing,2019,Buildings,Non-residential,N2O,265,273.0,111.833337566018,29635.83445499477,30530.501155522918
MAR,Morocco,Africa,Africa,North Africa,developing,2019,Buildings,Residential,CO2,1,1.0,6598006.23,6598006.23,6598006.23
MAR,Morocco,Africa,Africa,North Africa,developing,2019,Buildings,Residential,CH4,28,27.0,7104.39286864583,198923.00032208324,191818.6074534374
MAR,Morocco,Africa,Africa,North Africa,developing,2019,Buildings,Residential,N2O,265,273.0,98.3033697959717,26050.392995932503,26836.819954300277
MAR,Morocco,Africa,Africa,North Africa,developing,2019,Energy systems,Electricity & heat,CO2,1,1.0,29810509.307,29810509.307,29810509.307
MAR,Morocco,Africa,Africa,North Africa,developing,2019,Energy systems,Electricity & heat,CH4,28,27.0,300.244757532279,8406.853210903811,8106.608453371533
MAR,Morocco,Africa,Africa,North Africa,developing,2019,Energy systems,Electricity & heat,N2O,265,273.0,379.912004641336,100676.68122995405,103715.97726708472
MAR,Morocco,Africa,Africa,North Africa,developing,2019,Energy systems,Oil and gas fugitive emissions,CO2,1,1.0,7.96501,7.96501,7.96501
MAR,Morocco,Africa,Africa,North Africa,developing,2019,Energy systems,Oil and gas fugitive emissions,CH4,30,29.8,7632.28409359544,228968.5228078632,227442.0659891441
MAR,Morocco,Africa,Africa,North Africa,developing,2019,Energy systems,Oil and gas fugitive emissions,N2O,265,273.0,0.000304547,0.080704955,0.083141331
MAR,Morocco,Africa,Africa,North Africa,developing,2019,Energy systems,Other (energy systems),CO2,1,1.0,317801.6,317801.6,317801.6
MAR,Morocco,Africa,Africa,North Africa,developing,2019,Energy systems,Other (energy systems),CH4,28,27.0,2056.68320380538,57587.12970655064,55530.44650274525
MAR,Morocco,Africa,Africa,North Africa,developing,2019,Energy systems,Other (energy systems),N2O,265,273.0,1237.69714328016,327989.7429692424,337891.32011548366
MAR,Morocco,Africa,Africa,North Africa,developing,2019,Industry,Cement,CO2,1,1.0,5664770.0,5664770.0,5664770.0
MAR,Morocco,Africa,Africa,North Africa,developing,2019,Industry,Chemicals,CO2,1,1.0,452483.253673,452483.253673,452483.253673
MAR,Morocco,Africa,Africa,North Africa,developing,2019,Industry,Chemicals,CH4,28,27.0,17.4517097590092,488.6478732522576,471.1961634932484
MAR,Morocco,Africa,Africa,North Africa,developing,2019,Industry,Chemicals,N2O,265,273.0,123.446401155797,32713.296306286207,33700.867515532584
MAR,Morocco,Africa,Africa,North Africa,developing,2019,Industry,Metals,CO2,1,1.0,256071.9,256071.9,256071.9
MAR,Morocco,Africa,Africa,North Africa,developing,2019,Industry,Metals,CH4,28,27.0,7.40093914144688,207.22629596051263,199.82535681906575
MAR,Morocco,Africa,Africa,North Africa,developing,2019,Industry,Metals,N2O,265,273.0,1.29475563505707,343.11024329012355,353.46828837058007
MAR,Morocco,Africa,Africa,North Africa,developing,2019,Industry,Other (industry),CO2,1,1.0,7629171.7509,7629171.7509,7629171.7509
MAR,Morocco,Africa,Africa,North Africa,developing,2019,Industry,Other (industry),CH4,28,27.0,380.935539448316,10666.195104552848,10285.259565104532
MAR,Morocco,Africa,Africa,North Africa,developing,2019,Industry,Other (industry),N2O,265,273.0,72.8199259099775,19297.28036614404,19879.839773423857
MAR,Morocco,Africa,Africa,North Africa,developing,2019,Industry,Other (industry),HFC-125,3170,3740.0,71.693324,227267.83708000003,268133.03176000004
MAR,Morocco,Africa,Africa,North Africa,developing,2019,Industry,Other (industry),HFC-134a,1300,1530.0,456.936524,594017.4812,699112.8817200001
MAR,Morocco,Africa,Africa,North Africa,developing,2019,Industry,Other (industry),HFC-143a,4800,5810.0,63.743963,305971.0224,370352.42503
MAR,Morocco,Africa,Africa,North Africa,developing,2019,Industry,Other (industry),HFC-245fa,858,962.0,46.411438,39821.013804,44647.803356
MAR,Morocco,Africa,Africa,North Africa,developing,2019,Industry,Other (industry),HFC-32,677,771.0,15.167197,10268.192369,11693.908887
MAR,Morocco,Africa,Africa,North Africa,developing,2019,Industry,Other (industry),HFC-365mfc,804,914.0,16.513163,13276.583051999998,15093.030981999998
MAR,Morocco,Africa,Africa,North Africa,developing,2019,Industry,Waste,CH4,28,27.0,757111.870473991,21199132.37327175,20442020.50279776
MAR,Morocco,Africa,Africa,North Africa,developing,2019,Industry,Waste,N2O,265,273.0,2277.37450600351,603504.2440909301,621723.2401389582
MAR,Morocco,Africa,Africa,North Africa,developing,2019,Transport,Domestic Aviation,CO2,1,1.0,78883.86,78883.86,78883.86
MAR,Morocco,Africa,Africa,North Africa,developing,2019,Transport,Domestic Aviation,CH4,28,27.0,0.557558756703749,15.611645187704973,15.054086431001222
MAR,Morocco,Africa,Africa,North Africa,developing,2019,Transport,Domestic Aviation,N2O,265,273.0,2.23023502681499,591.0122821059724,608.8541623204924
MAR,Morocco,Africa,Africa,North Africa,developing,2019,Transport,Other (transport),CO2,1,1.0,2403300.0,2403300.0,2403300.0
MAR,Morocco,Africa,Africa,North Africa,developing,2019,Transport,Other (transport),CH4,28,27.0,136.04354701827,3809.21931651156,3673.1757694932894
MAR,Morocco,Africa,Africa,North Africa,developing,2019,Transport,Other (transport),N2O,265,273.0,937.555109118622,248452.10391643483,255952.5447893838
MAR,Morocco,Africa,Africa,North Africa,developing,2019,Transport,Rail ,CO2,1,1.0,28595.0,28595.0,28595.0
MAR,Morocco,Africa,Africa,North Africa,developing,2019,Transport,Rail ,CH4,28,27.0,1.61867264253213,45.32283399089964,43.70416134836751
MAR,Morocco,Africa,Africa,North Africa,developing,2019,Transport,Rail ,N2O,265,273.0,11.1551554177785,2956.1161857113025,3045.3574290535307
MAR,Morocco,Africa,Africa,North Africa,developing,2019,Transport,Road,CO2,1,1.0,17372818.416,17372818.416,17372818.416
MAR,Morocco,Africa,Africa,North Africa,developing,2019,Transport,Road,CH4,28,27.0,602.662275010889,16874.54370030489,16271.881425294
MAR,Morocco,Africa,Africa,North Africa,developing,2019,Transport,Road,N2O,265,273.0,194.985738862349,51671.22079852248,53231.10670942128
MAR,Morocco,Africa,Africa,North Africa,developing,2020,AFOLU,"Managed soils and pasture (CO2, N2O)",CO2,1,1.0,1204914.3,1204914.3,1204914.3
MAR,Morocco,Africa,Africa,North Africa,developing,2020,Buildings,Non-residential,CO2,1,1.0,367057.18,367057.18,367057.18
MAR,Morocco,Africa,Africa,North Africa,developing,2020,Buildings,Residential,CO2,1,1.0,5858697.9,5858697.9,5858697.9
MAR,Morocco,Africa,Africa,North Africa,developing,2020,Energy systems,Electricity & heat,CO2,1,1.0,29172332.899,29172332.899,29172332.899
MAR,Morocco,Africa,Africa,North Africa,developing,2020,Energy systems,Oil and gas fugitive emissions,CO2,1,1.0,6.50167,6.50167,6.50167
MAR,Morocco,Africa,Africa,North Africa,developing,2020,Energy systems,Other (energy systems),CO2,1,1.0,282192.5,282192.5,282192.5
MAR,Morocco,Africa,Africa,North Africa,developing,2020,Industry,Cement,CO2,1,1.0,5729130.0,5729130.0,5729130.0
MAR,Morocco,Africa,Africa,North Africa,developing,2020,Industry,Chemicals,CO2,1,1.0,433145.369193,433145.369193,433145.369193
MAR,Morocco,Africa,Africa,North Africa,developing,2020,Industry,Metals,CO2,1,1.0,230466.51,230466.51,230466.51
MAR,Morocco,Africa,Africa,North Africa,developing,2020,Industry,Other (industry),CO2,1,1.0,6818173.1407,6818173.1407,6818173.1407
MAR,Morocco,Africa,Africa,North Africa,developing,2020,Transport,Domestic Aviation,CO2,1,1.0,70045.03,70045.03,70045.03
MAR,Morocco,Africa,Africa,North Africa,developing,2020,Transport,Other (transport),CO2,1,1.0,2134010.0,2134010.0,2134010.0
MAR,Morocco,Africa,Africa,North Africa,developing,2020,Transport,Rail ,CO2,1,1.0,25391.0,25391.0,25391.0
MAR,Morocco,Africa,Africa,North Africa,developing,2020,Transport,Road,CO2,1,1.0,15426221.002,15426221.002,15426221.002
